IP,"Reverse DNS","Best-guess OS fingerprint","OS guess accuracy"
1.0.177.20,,"ZyXEL Prestige 660HW-61 ADSL router (ZyNOS 3.40)",96
1.0.197.69,,"OpenWrt (Linux 2.4.32)",94
1.0.218.56,,"OpenWrt (Linux 2.4.32)",94
1.2.130.103,,"Linux 2.6.15 - 2.6.27",97
1.2.161.23,,"Linux 2.6.15 - 2.6.27",97
1.2.223.23,,"Linux 2.6.15 - 2.6.27",97
1.2.225.166,,"Linux 2.6.15 - 2.6.27",97
1.2.225.205,,"Netgear DG834G WAP or Western Digital WD TV media player",92
1.11.145.159,,"Linux 2.6.14 - 2.6.30",97
1.11.149.77,,"D-Link DAP-1522 WAP, or Xerox WorkCentre Pro 245 or 6556 printer",99
1.11.246.50,,"OpenWrt White Russian 0.9 (Linux 2.4.30)",96
1.24.140.56,,"Microsoft Windows Server 2003 SP2",92
1.25.34.242,,"Linux 2.4.33 (embedded)",96
1.28.8.164,,"Linux 2.4.33 (embedded)",96
1.34.52.78,1-34-52-78.HINET-IP.hinet.net,"Linksys WRV54G WAP",95
1.36.20.62,1-36-20-062.static.netvigator.com,"Linux 2.4.33 (embedded)",96
1.36.28.50,1-36-28-050.static.netvigator.com,"Linux 2.4.33 (embedded)",95
1.36.42.123,1-36-42-123.static.netvigator.com,"ipTIME PRO 54G WAP",95
1.36.102.249,1-36-102-249.static.netvigator.com,"Linksys WRTU54G-TM WAP (Linux)",97
1.36.163.193,1-36-163-193.static.netvigator.com,"Linksys WRV54G WAP",92
1.36.248.254,1-36-248-254.static.netvigator.com,"Juniper Networks ERX-700 router",95
1.49.221.143,,"Microsoft Windows XP SP2 or SP3",96
1.55.240.179,,"Juniper MX960 router (JUNOS 9.5R3.7)",95
1.62.123.85,,"Microsoft Windows XP SP3",92
1.62.199.170,,"Linksys RV042 router",97
1.64.136.142,1-64-136-142.static.netvigator.com,"Linux 2.6.16",91
1.80.137.87,,"Secure Computing SG550 firewall (Linux 2.4.31)",94
1.80.187.173,,"Linux 2.4.33 (embedded)",96
1.81.7.134,,"Linux 2.4.33 (embedded)",96
1.83.201.102,,"Linux 2.4.33 (embedded)",99
1.84.71.176,,"Linux 2.4.33 (embedded)",99
1.85.144.98,,"Linux 2.4.33 (embedded)",93
1.85.166.151,,"Linux 2.4.33 (embedded)",99
1.85.176.95,,"Linux 2.4.33 (embedded)",95
1.85.189.31,,"Linux 2.4.33 (embedded)",96
1.85.189.93,,"Secure Computing SG550 firewall (Linux 2.4.31)",89
1.85.254.224,,"Linux 2.4.33 (embedded)",96
1.86.2.103,,"Microsoft Windows XP SP3",96
1.86.8.3,,"Linux 2.4.33 (embedded)",96
1.160.218.21,1-160-218-21.dynamic.hinet.net,"Linux 2.4.33 (embedded)",96
1.160.227.11,1-160-227-11.dynamic.hinet.net,"Microsoft Windows XP SP3",94
1.160.233.150,1-160-233-150.dynamic.hinet.net,"Linux 2.4.33 (embedded)",96
1.160.239.97,1-160-239-97.dynamic.hinet.net,"Linux 2.6.15 - 2.6.27",99
1.162.98.165,1-162-98-165.dynamic.hinet.net,"Microsoft Windows Vista SP2",98
1.163.65.7,1-163-65-7.dynamic.hinet.net,"Linksys WRV54G WAP",96
1.164.87.62,1-164-87-62.dynamic.hinet.net,"Linux 2.6.14 (ASPLinux 11)",96
1.164.217.184,1-164-217-184.dynamic.hinet.net,"Linux 2.6.15 - 2.6.27",99
1.165.66.80,1-165-66-80.dynamic.hinet.net,"OpenWrt (Linux 2.4.32)",94
1.165.145.239,1-165-145-239.dynamic.hinet.net,"Linux 2.6.14 - 2.6.30",96
1.168.90.185,1-168-90-185.dynamic.hinet.net,"Microsoft Windows 2000 SP2 - SP4, Windows XP SP2 - SP3, or Windows Server 2003 SP0 - SP2",92
1.168.245.185,1-168-245-185.dynamic.hinet.net,"Linux 2.6.14 - 2.6.30",96
1.169.134.121,1-169-134-121.dynamic.hinet.net,"Microsoft Windows XP Professional SP3",95
1.169.138.216,1-169-138-216.dynamic.hinet.net,"Microsoft Windows XP SP3",95
1.169.149.19,1-169-149-19.dynamic.hinet.net,"Linux 2.6.15 - 2.6.27",99
1.169.168.16,1-169-168-16.dynamic.hinet.net,"Linux 2.6.14 - 2.6.30",98
1.169.170.146,1-169-170-146.dynamic.hinet.net,"Linksys RV042 router",97
1.169.171.127,1-169-171-127.dynamic.hinet.net,"Linksys RV042 router",94
1.170.19.89,1-170-19-89.dynamic.hinet.net,"Linksys RV042 router",97
1.170.46.142,1-170-46-142.dynamic.hinet.net,"Microsoft Windows XP SP2 or Windows Server 2003 SP2",96
1.170.51.120,1-170-51-120.dynamic.hinet.net,"Microsoft Windows XP SP2 or SP3, or Windows Embedded Standard 2009",96
1.170.52.219,1-170-52-219.dynamic.hinet.net,"Microsoft Windows XP SP2 or SP3",96
1.170.115.1,1-170-115-1.dynamic.hinet.net,"Linksys WRV54G WAP",96
1.171.9.200,1-171-9-200.dynamic.hinet.net,"DD-WRT v24-sp2 (Linux 2.4.36)",95
1.171.15.160,1-171-15-160.dynamic.hinet.net,"DD-WRT v24-sp2 (Linux 2.4.36)",95
1.171.230.116,1-171-230-116.dynamic.hinet.net,"Linksys RV042 router",97
1.175.221.132,1-175-221-132.dynamic.hinet.net,"Microsoft Windows Vista SP2",98
1.175.222.146,1-175-222-146.dynamic.hinet.net,"Microsoft Windows XP SP2 or SP3",95
1.175.230.176,1-175-230-176.dynamic.hinet.net,"Microsoft Windows XP SP2 or SP3",95
1.175.231.125,1-175-231-125.dynamic.hinet.net,"Microsoft Windows XP SP2 or SP3",95
1.176.145.8,,"Linux 2.6.14 - 2.6.30",94
1.176.181.135,,"Linux 2.4.20",99
1.176.238.100,,"Linux 2.6.14 - 2.6.30",94
1.177.146.125,,"Linux 2.6.14 - 2.6.30",94
1.177.150.153,,"Linux 2.6.14 - 2.6.30",94
1.177.177.138,,"Linux 2.6.14 - 2.6.30",97
1.193.20.137,,"Linux 2.4.33 (embedded)",96
1.202.15.37,37.15.202.1.static.bjtelecom.net,"Juniper JUNOS 10.4R6.5",95
1.202.62.17,17.62.202.1.static.bjtelecom.net,"Linux 2.4.33 (embedded)",96
1.204.147.192,,"Microsoft Windows XP SP3",95
1.204.224.27,,"Linux 2.4.33 (embedded)",96
1.205.30.200,,"Linux 2.4.33 (embedded)",94
1.205.191.135,,"Linux 2.4.33 (embedded)",96
1.205.195.234,,"Microsoft Windows XP SP2 - SP3",95
1.205.204.102,,"Microsoft Windows XP SP3",96
1.205.207.71,,"Microsoft Windows XP SP2 - SP3",96
1.205.215.131,,"Linux 2.6.14 (ASPLinux 11)",95
1.206.11.204,,"Linux 2.4.33 (embedded)",96
1.206.24.225,,"Linux 2.4.33 (embedded)",96
1.206.34.96,,"Linux 2.4.33 (embedded)",99
1.206.37.171,,"Secure Computing SG550 firewall (Linux 2.4.31)",94
1.206.53.151,,"Linux 2.4.33 (embedded)",95
1.206.149.187,,"Microsoft Windows XP SP3",96
1.206.149.235,,"Microsoft Windows Vista",96
1.206.156.40,,"Microsoft Windows XP SP3",96
1.207.42.66,,"Linux 2.6.9 - 2.6.30",96
1.210.70.241,,"IBM System Storage DS4700 NAS device",92
1.213.72.133,,"Juniper M7i router",92
1.213.106.130,,"Juniper JUNOS 10.4R6.5",99
1.219.27.225,,"Lantronix SLC 8 terminal server (Linux 2.6)",96
1.224.42.37,,"Linux 2.6.24 - 2.6.25",96
1.225.209.191,,"Linux 2.6.18",99
1.226.125.156,,"Linux 2.6.32",99
1.226.188.244,,"Linux 2.6.27",95
1.226.231.215,,"Linux 2.6.32",99
1.227.122.148,,"Linux 2.6.27",94
1.227.141.4,,"Linux 2.6.18",99
1.227.163.112,,"Linux 2.6.18",99
1.228.13.1,,"Linux 2.6.9 - 2.6.33",96
1.228.40.3,,"Linux 2.6.18",99
1.229.6.39,,"D-Link DVG-5112S or DVG-6004S VoIP adapter",99
1.229.11.137,,"Linux 2.6.18 - 2.6.32",99
1.229.34.249,,"Linux 2.6.9 - 2.6.33",97
1.229.35.151,,"Linux 2.6.9 - 2.6.33",97
1.229.44.24,,"Linux 2.6.18",99
1.230.131.131,,"Linux 2.6.27",95
1.230.193.211,,"D-Link DVG-5112S or DVG-6004S VoIP adapter",92
1.230.242.176,,"D-Link DVG-5112S or DVG-6004S VoIP adapter",99
1.230.251.32,,"Linux 2.6.18",99
1.230.252.168,,"D-Link DVG-5112S or DVG-6004S VoIP adapter",99
1.231.15.165,,"Linux 2.6.18",99
1.231.154.68,,"Linux 2.6.18",99
1.231.155.75,,"Linux 2.6.18",99
1.231.231.233,,"Linux 2.6.18",99
1.232.77.57,,"Linux 2.6.18",99
1.232.115.225,,"Linux 2.6.18",99
1.236.8.97,,"Linux 2.6.9 - 2.6.33",96
1.236.180.4,,"Linux 2.6.18",99
1.238.42.1,,"Linux 2.4.31 (Slackware v10.2)",98
1.238.52.225,,"D-Link DVG-5112S or DVG-6004S VoIP adapter",99
1.238.134.7,,"Linux 2.6.18",98
1.238.141.49,,"D-Link DVG-5112S or DVG-6004S VoIP adapter",99
1.240.129.71,,"D-Link DVG-5112S or DVG-6004S VoIP adapter",96
1.241.101.85,,"Linux 2.6.18",99
1.242.82.77,,"D-Link DVG-5112S or DVG-6004S VoIP adapter",96
1.243.95.235,,"Linux 2.6.18",98
1.245.66.117,,"Sagem My du@l radio 700 Internet radio",85
1.245.111.90,,"Linux 2.6.18",99
1.247.144.89,,"Linux 2.6.18 - 2.6.32",97
1.247.149.79,,"Linux 2.6.18",99
1.247.186.4,,"Linux 2.6.18",99
1.247.221.107,,"Linux 2.6.18 - 2.6.32",97
1.247.242.1,,"Linux 2.6.9 - 2.6.33",96
1.249.29.137,,"Alcatel OmniStack 6024 or Enterasys Vertical Horizon VH-2402S2 switch, or Dell 1815dn or Samsung SCX-6x22 printer",97
1.249.238.53,,"Linux 2.6.24 - 2.6.25",96
1.250.105.226,,"D-Link DVG-5112S or DVG-6004S VoIP adapter",99
1.250.118.124,,"Linux 2.6.29 - 2.6.31",97
1.251.61.40,,"Linux 2.6.18",99
1.251.121.203,,"Linux 2.6.18 - 2.6.32",97
1.251.133.78,,"Linux 2.6.18",98
1.251.152.89,,"Linksys WRV54G WAP",97
1.251.245.229,,"Linux 2.6.18",99
1.252.6.63,,"Linux 2.6.18",98
1.252.7.158,,"Linux 2.6.17 - 2.6.36",97
1.252.121.56,,"D-Link DVG-5112S or DVG-6004S VoIP adapter",96
1.252.238.85,,"Linux 2.6.18 - 2.6.32",97
1.253.130.165,,"Linux 2.6.18",99
2.20.178.20,,"Linux 2.6.9 - 2.6.30",96
2.20.178.71,,"Linux 2.6.37",96
2.40.38.156,net-2-40-38-156.cust.dsl.teletu.it,"Linux 2.4.33 (embedded)",96
2.51.220.154,,"Linux 2.4.33 (embedded)",96
2.51.245.7,,"Linux 2.4.33 (embedded)",94
2.60.1.1,host-2-60-1-1.pppoe.omsknet.ru,"OpenWrt (Linux 2.4.32)",94
2.60.4.166,host-2-60-4-166.pppoe.omsknet.ru,"Microsoft Windows Vista SP2",98
2.60.23.24,host-2-60-23-24.pppoe.omsknet.ru,"Linux 2.6.8 (x86)",92
2.60.158.54,host-2-60-158-54.pppoe.omsknet.ru,"Dell 1720dn printer",91
2.60.179.152,host-2-60-179-152.pppoe.omsknet.ru,"OpenWrt (Linux 2.4.32)",94
2.60.192.177,host-2-60-192-177.pppoe.omsknet.ru,"Microsoft Windows XP SP2 or SP3",95
2.92.202.167,,"Microsoft Windows Server 2003 SP2",95
2.95.162.30,,"Microsoft Windows Vista SP1",97
2.95.196.111,,"Microsoft Windows XP Professional SP2",95
2.113.153.214,host214-153-static.113-2-b.business.telecomitalia.it,"ADSL router: Huawei MT800u-T; or ZyXEL Prestige 623ME-T1, 643, 662HW-61, 782, or 2602R-61",95
2.118.209.156,host156-209-static.118-2-b.business.telecomitalia.it,"D-Link DVG-5112S or DVG-6004S VoIP adapter",96
2.132.20.27,2.132.20.27.megaline.telecom.kz,"Linux 2.4.33 (embedded)",95
2.133.13.161,2.133.13.161.megaline.telecom.kz,"Linux 2.4.33 (embedded)",96
2.136.24.16,16.Red-2-136-24.dynamicIP.rima-tde.net,"Comtrend CT536 wireless ADSL router",99
2.136.103.169,169.Red-2-136-103.dynamicIP.rima-tde.net,"ADSL router: Huawei MT800u-T; or ZyXEL Prestige 623ME-T1, 643, 662HW-61, 782, or 2602R-61",96
2.137.48.28,28.Red-2-137-48.dynamicIP.rima-tde.net,"Comtrend CT536 wireless ADSL router",98
2.137.122.115,115.Red-2-137-122.dynamicIP.rima-tde.net,"Comtrend CT536 wireless ADSL router",98
2.137.195.72,72.Red-2-137-195.dynamicIP.rima-tde.net,"ADSL router: Huawei MT800u-T; or ZyXEL Prestige 623ME-T1, 643, 662HW-61, 782, or 2602R-61",96
2.138.53.58,58.Red-2-138-53.dynamicIP.rima-tde.net,"ADSL router: Huawei MT800u-T; or ZyXEL Prestige 623ME-T1, 643, 662HW-61, 782, or 2602R-61",96
2.138.150.85,85.Red-2-138-150.dynamicIP.rima-tde.net,"ZyXEL ZyNOS 3.40",97
2.138.226.155,155.Red-2-138-226.dynamicIP.rima-tde.net,"Comtrend CT536 wireless ADSL router",98
2.177.18.94,,"ZyXEL Prestige 2602R-D1A ADSL router (ZyNOS 3.40)",93
2.186.97.152,,"OpenWrt (Linux 2.4.32)",94
2.228.18.72,2-228-18-72.ip189.fastwebnet.it,"Linux 2.4.2 (Red Hat 7.1)",94
2.230.184.1,2-230-184-1.ip203.fastwebnet.it,"Juniper Networks ERX-700 router",96
2.234.49.165,2-234-49-165.ip221.fastwebnet.it,"Linux 2.6.18",92
4.59.4.110,KT-CORPORAT.car2.SanJose2.Level3.net,"Juniper M7i router",97
5.1.15.12,5-1-15-12-dynamic.retail.datagroup.ua,"Microsoft Windows 7 Ultimate",95
5.8.0.12,,"Microsoft Windows XP SP2 or Windows Server 2003 SP1 or SP2",95
5.8.4.12,,"Microsoft Windows XP SP2 or Windows Server 2003 SP1 or SP2",95
5.8.7.12,,"Microsoft Windows XP SP2 or Windows Server 2003 SP1 or SP2",96
5.8.8.7,,"Linux 2.6.32 - 2.6.35",95
5.8.8.35,,"Linux 2.6.32 - 2.6.35",95
5.8.8.54,,"Linux 2.6.32 - 2.6.35",95
5.8.8.60,,"Linux 2.6.32 - 2.6.35",95
5.8.8.62,,"Linux 2.6.32 - 2.6.35",95
5.8.8.80,,"Linux 2.6.32 - 2.6.35",95
5.8.8.120,,"Linux 2.6.32 - 2.6.35",95
5.8.8.124,,"Linux 2.6.32 - 2.6.35",95
5.8.8.140,,"Linux 2.6.32",93
5.8.8.150,,"Linux 2.6.32 - 2.6.35",95
5.8.8.167,,"Linux 2.6.32 - 2.6.35",95
5.8.8.178,,"Linux 2.6.32 - 2.6.35",95
5.8.8.201,,"Linux 2.6.32 - 2.6.35",95
5.8.8.202,,"Linux 2.6.32 - 2.6.35",95
5.8.8.223,,"Linux 2.6.32 - 2.6.35",95
5.8.8.226,,"Linux 2.6.32 - 2.6.35",95
5.8.8.230,,"Linux 2.6.32 - 2.6.35",95
5.8.8.238,,"Linux 2.6.32 - 2.6.35",95
5.8.8.239,,"Linux 2.6.32 - 2.6.35",95
5.8.8.250,,"Linux 2.6.32 - 2.6.35",95
5.8.8.252,,"Linux 2.6.32 - 2.6.35",95
5.8.9.13,,"Linux 2.6.32 - 2.6.35",95
5.8.9.16,,"Linux 2.6.32",92
5.8.9.44,,"Linux 2.6.32 - 2.6.35",95
5.8.9.62,,"Linux 2.6.32 - 2.6.35",95
5.8.9.66,,"Linux 2.6.32 - 2.6.35",95
5.8.9.94,,"Linux 2.6.32 - 2.6.35",95
5.8.9.101,,"Linux 2.6.32 - 2.6.35",95
5.8.9.108,,"Linux 2.6.32 - 2.6.35",95
5.8.9.109,,"Linux 2.6.32 - 2.6.35",95
5.8.9.136,,"Linux 2.6.32 - 2.6.35",95
5.8.9.139,,"Linux 2.6.32 - 2.6.35",95
5.8.9.140,,"Linux 2.6.32 - 2.6.35",95
5.8.9.142,,"Linux 2.6.32 - 2.6.35",95
5.8.9.164,,"Linux 2.6.32 - 2.6.35",95
5.8.9.178,,"Linux 2.6.32 - 2.6.35",95
5.8.9.180,,"Linux 2.6.32 - 2.6.35",95
5.8.9.185,,"Linux 2.6.32 - 2.6.35",95
5.8.9.189,,"Linux 2.6.32 - 2.6.35",95
5.8.9.192,,"Linux 2.6.32 - 2.6.35",95
5.8.9.195,,"Linux 2.6.32 - 2.6.35",95
5.8.9.201,,"Linux 2.6.32 - 2.6.35",95
5.8.9.221,,"Linux 2.6.32 - 2.6.35",95
5.8.9.227,,"Linux 2.6.32 - 2.6.35",95
5.8.9.230,,"Linux 2.6.32 - 2.6.35",95
5.8.9.247,,"Linux 2.6.32 - 2.6.35",95
5.8.10.9,,"Linux 2.6.32 - 2.6.35",95
5.8.10.12,,"Linux 2.6.32 - 2.6.35",95
5.8.10.22,,"Linux 2.6.32 - 2.6.35",95
5.8.10.35,,"Linux 2.6.32 - 2.6.35",95
5.8.10.55,,"Linux 2.6.32 - 2.6.35",95
5.8.10.65,,"Linux 2.6.32 - 2.6.35",95
5.8.10.69,,"Linux 2.6.32 - 2.6.35",95
5.8.10.74,,"Linux 2.6.32 - 2.6.35",95
5.8.10.77,,"Linux 2.6.32 - 2.6.35",95
5.8.10.82,,"Linux 2.6.32 - 2.6.35",95
5.8.10.89,,"Linux 2.6.32 - 2.6.35",95
5.8.10.104,,"Linux 2.6.32 - 2.6.35",95
5.8.10.130,,"Linux 2.6.32 - 2.6.35",95
5.8.10.135,,"Linux 2.6.32 - 2.6.35",95
5.8.10.150,,"Linux 2.6.32 - 2.6.35",95
5.8.10.157,,"Linux 2.6.32",93
5.8.10.177,,"Linux 2.6.32 - 2.6.35",95
5.8.10.199,,"Linux 2.6.32 - 2.6.35",95
5.8.10.212,,"Linux 2.6.32 - 2.6.35",95
5.8.10.214,,"Linux 2.6.32 - 2.6.35",95
5.8.10.217,,"Linux 2.6.32 - 2.6.35",95
5.8.10.223,,"Linux 2.6.32 - 2.6.35",95
5.8.11.5,,"Linux 2.6.32 - 2.6.35",95
5.8.11.18,,"Linux 2.6.32 - 2.6.35",95
5.8.11.30,,"Linux 2.6.32 - 2.6.35",95
5.8.11.34,,"Linux 2.6.32 - 2.6.35",95
5.8.11.36,,"Linux 2.6.32 - 2.6.35",95
5.8.11.68,,"Linux 2.6.32 - 2.6.35",95
5.8.11.78,,"Linux 2.6.32 - 2.6.35",95
5.8.11.96,,"Linux 2.6.32 - 2.6.35",95
5.8.11.108,,"Linux 2.6.32 - 2.6.35",95
5.8.11.113,,"Linux 2.6.32 - 2.6.35",95
5.8.11.117,,"Linux 2.6.32 - 2.6.35",95
5.8.11.139,,"Linux 2.6.32 - 2.6.35",95
5.8.11.144,,"Linux 2.6.32 - 2.6.35",95
5.8.11.158,,"Linux 2.6.32 - 2.6.35",95
5.8.11.160,,"Linux 2.6.32 - 2.6.35",95
5.8.11.184,,"Linux 2.6.32 - 2.6.35",95
5.8.11.192,,"Linux 2.6.32 - 2.6.35",95
5.8.11.204,,"Linux 2.6.32 - 2.6.35",95
5.8.11.229,,"Linux 2.6.32 - 2.6.35",95
5.8.11.234,,"Linux 2.6.32 - 2.6.35",95
5.8.11.244,,"Linux 2.6.32 - 2.6.35",95
5.8.11.253,,"Linux 2.6.32 - 2.6.35",95
5.8.12.10,,"Linux 2.6.32 - 2.6.35",95
5.8.12.34,,"Linux 2.6.32 - 2.6.35",95
5.8.12.38,,"Linux 2.6.32 - 2.6.35",95
5.8.12.41,,"Linux 2.6.32 - 2.6.35",95
5.8.12.57,,"Linux 2.6.32 - 2.6.35",95
5.8.12.59,,"Linux 2.6.32 - 2.6.35",95
5.8.12.70,,"Linux 2.6.32 - 2.6.35",95
5.8.12.72,,"Linux 2.6.32 - 2.6.35",95
5.8.12.74,,"Linux 2.6.32 - 2.6.35",95
5.8.12.82,,"Linux 2.6.32 - 2.6.35",95
5.8.12.90,,"Linux 2.6.32 - 2.6.35",95
5.8.12.100,,"Linux 2.6.32 - 2.6.35",95
5.8.12.161,,"Linux 2.6.32 - 2.6.35",95
5.8.12.178,,"Linux 2.6.32 - 2.6.35",95
5.8.12.180,,"Linux 2.6.32 - 2.6.35",95
5.8.12.191,,"Linux 2.6.32 - 2.6.35",95
5.8.12.193,,"Linux 2.6.32 - 2.6.35",95
5.8.12.208,,"Linux 2.6.32",93
5.8.12.216,,"Linux 2.6.32 - 2.6.35",95
5.8.12.241,,"Linux 2.6.32 - 2.6.35",95
5.8.12.249,,"Linux 2.6.32 - 2.6.35",95
5.8.12.251,,"Linux 2.6.32 - 2.6.35",95
5.8.13.11,,"Linux 2.6.32 - 2.6.35",95
5.8.13.17,,"Linux 2.6.32 - 2.6.35",95
5.8.13.20,,"Linux 2.6.32 - 2.6.35",95
5.8.13.43,,"Linux 2.6.32 - 2.6.35",95
5.8.13.49,,"Linux 2.6.32 - 2.6.35",95
5.8.13.53,,"Linux 2.6.32 - 2.6.35",95
5.8.13.55,,"Linux 2.6.32 - 2.6.35",95
5.8.13.60,,"Linux 2.6.32 - 2.6.35",95
5.8.13.65,,"Linux 2.6.32 - 2.6.35",95
5.8.13.83,,"Linux 2.6.32",93
5.8.13.89,,"Linux 2.6.32",95
5.8.13.97,,"Linux 2.6.32 - 2.6.35",95
5.8.13.124,,"Linux 2.6.32 - 2.6.35",95
5.8.13.140,,"Linux 2.6.32 - 2.6.35",95
5.8.13.161,,"Linux 2.6.32 - 2.6.35",95
5.8.13.188,,"Linux 2.6.32 - 2.6.35",95
5.8.13.191,,"Linux 2.6.32 - 2.6.35",95
5.8.13.198,,"Linux 2.6.32 - 2.6.35",95
5.8.13.202,,"Linux 2.6.32 - 2.6.35",95
5.8.13.212,,"Linux 2.6.32 - 2.6.35",95
5.8.13.219,,"Linux 2.6.32 - 2.6.35",95
5.8.13.228,,"Linux 2.6.32 - 2.6.35",95
5.8.13.235,,"Linux 2.6.32 - 2.6.35",95
5.8.13.239,,"Linux 2.6.32 - 2.6.35",95
5.8.13.241,,"Linux 2.6.32 - 2.6.35",95
5.8.13.242,,"Linux 2.6.32 - 2.6.35",95
5.8.13.246,,"Linux 2.6.32 - 2.6.35",95
5.8.14.24,,"Linux 2.6.32 - 2.6.35",95
5.8.14.31,,"Linux 2.6.32 - 2.6.35",95
5.8.14.35,,"Linux 2.6.32 - 2.6.35",95
5.8.14.36,,"Linux 2.6.32 - 2.6.35",95
5.8.14.37,,"Linux 2.6.32 - 2.6.35",95
5.8.14.54,,"Linux 2.6.32 - 2.6.35",95
5.8.14.59,,"Linux 2.6.32 - 2.6.35",95
5.8.14.60,,"Linux 2.6.32 - 2.6.35",95
5.8.14.61,,"Linux 2.6.32",93
5.8.14.62,,"Linux 2.6.32 - 2.6.35",95
5.8.14.81,,"Linux 2.6.32 - 2.6.35",95
5.8.14.103,,"Linux 2.6.32 - 2.6.35",95
5.8.14.105,,"Linux 2.6.32 - 2.6.35",95
5.8.14.114,,"Linux 2.6.32 - 2.6.35",95
5.8.14.118,,"Linux 2.6.32 - 2.6.35",95
5.8.14.139,,"Linux 2.6.32 - 2.6.35",95
5.8.14.151,,"Linux 2.6.32 - 2.6.35",95
5.8.14.153,,"Linux 2.6.32 - 2.6.35",95
5.8.14.158,,"Linux 2.6.32 - 2.6.35",95
5.8.14.161,,"Linux 2.6.32 - 2.6.35",95
5.8.14.169,,"Linux 2.6.32 - 2.6.35",95
5.8.14.170,,"Linux 2.6.32 - 2.6.35",95
5.8.14.179,,"Linux 2.6.32",93
5.8.14.183,,"Linux 2.6.32 - 2.6.35",95
5.8.14.188,,"Linux 2.6.32",93
5.8.14.194,,"Linux 2.6.32 - 2.6.35",95
5.8.14.207,,"Linux 2.6.32 - 2.6.35",95
5.8.14.209,,"Linux 2.6.32 - 2.6.35",95
5.8.14.213,,"Linux 2.6.32 - 2.6.35",95
5.8.14.219,,"Linux 2.6.32 - 2.6.35",95
5.8.14.221,,"Linux 2.6.32 - 2.6.35",95
5.8.14.231,,"Linux 2.6.32 - 2.6.35",95
5.8.14.242,,"Linux 2.6.32 - 2.6.35",95
5.8.14.246,,"Linux 2.6.32 - 2.6.35",95
5.8.14.248,,"Linux 2.6.32 - 2.6.35",95
5.8.15.8,,"Linux 2.6.32 - 2.6.35",95
5.8.15.11,,"Linux 2.6.32 - 2.6.35",95
5.8.15.27,,"Linux 2.6.32 - 2.6.35",95
5.8.15.29,,"Linux 2.6.32 - 2.6.35",95
5.8.15.32,,"Linux 2.6.32 - 2.6.35",95
5.8.15.60,,"Linux 2.6.32 - 2.6.35",95
5.8.15.70,,"Linux 2.6.32 - 2.6.35",95
5.8.15.76,,"Linux 2.6.32 - 2.6.35",95
5.8.15.93,,"Linux 2.6.32 - 2.6.35",95
5.8.15.96,,"Linux 2.6.32 - 2.6.35",95
5.8.15.107,,"Linux 2.6.32 - 2.6.35",95
5.8.15.113,,"Linux 2.6.32 - 2.6.35",95
5.8.15.140,,"Linux 2.6.31",94
5.8.15.141,,"Linux 2.6.32 - 2.6.35",95
5.8.15.142,,"Linux 2.6.32 - 2.6.35",95
5.8.15.143,,"Linux 2.6.32 - 2.6.35",95
5.8.15.164,,"Linux 2.6.32",93
5.8.15.167,,"Linux 2.6.32 - 2.6.35",95
5.8.15.178,,"Linux 2.6.32 - 2.6.35",95
5.8.15.204,,"Linux 2.6.32 - 2.6.35",95
5.8.15.213,,"Linux 2.6.32 - 2.6.35",95
5.8.15.225,,"Linux 2.6.32 - 2.6.35",95
5.8.15.240,,"Linux 2.6.32 - 2.6.35",95
5.8.15.251,,"Linux 2.6.32 - 2.6.35",95
5.8.205.48,host.48.ipoe5.subnets.khb.ttkdv.ru,"Microsoft Windows Vista SP1",98
5.8.213.38,,"Microsoft Windows 7 SP0 - SP1 or Windows Server 2008",96
5.10.9.208,cust-5-10-9-208.pools.tk-bodensee.net,VxWorks,97
5.13.32.198,5-13-32-198.residential.rdsnet.ro,"Microsoft Windows Server 2008 SP2",96
5.13.52.193,5-13-52-193.residential.rdsnet.ro,"OpenWrt White Russian 0.9 (Linux 2.4.30)",98
5.13.77.243,5-13-77-243.residential.rdsnet.ro,"Microsoft Windows Vista SP2",98
5.13.114.253,5-13-114-253.residential.rdsnet.ro,"Microsoft Windows Vista SP2",98
5.16.116.164,,VxWorks,97
5.21.94.127,,"IBM OS/2 Warp 2.0",86
5.24.99.120,,VxWorks,99
5.27.15.223,,"Microsoft Windows XP SP3",91
5.34.61.40,client.fttb.2day.kz,VxWorks,99
5.34.87.17,client.fttb.2day.kz,VxWorks,97
5.39.112.15,,VxWorks,97
5.42.0.151,5-42-0-151.colomna.net,"Microsoft Windows Vista SP2",97
5.43.64.78,cable-5-43-64-78.dynamic.telemach.ba,"D-Link DVG-5112S or DVG-6004S VoIP adapter",96
5.45.106.216,,"Canon imageRUNNER 3300 printer or Motorola SURFboard SBG900 wireless cable modem",99
5.45.183.211,,"Gemtek P360 WAP or Siemens Gigaset SE515dsl wireless broadband router",97
5.50.16.79,fre83-h01-5-50-16-79.dsl.sta.abo.bbox.fr,VxWorks,99
5.51.25.5,static-5-51-25-5.ftth.abo.bbox.fr,"Canon imageRUNNER 3300 printer or Motorola SURFboard SBG900 wireless cable modem",99
5.62.0.13,,"Comtrend CT536 wireless ADSL router",95
5.62.0.145,,"OpenWrt (Linux 2.4.32)",93
5.62.1.148,,"Linksys RV042 router",94
5.62.1.227,,"Comtrend CT536 wireless ADSL router",93
5.62.3.33,,"Gemtek P360 WAP or Siemens Gigaset SE515dsl wireless broadband router",95
5.62.3.104,,"Gemtek P360 WAP or Siemens Gigaset SE515dsl wireless broadband router",94
5.62.3.142,,"Comtrend CT536 wireless ADSL router",95
5.62.3.151,,"OpenWrt White Russian 0.9 (Linux 2.4.30)",91
5.62.3.179,,"Comtrend CT536 wireless ADSL router",95
5.62.4.14,,"Comtrend CT536 wireless ADSL router",93
5.62.4.67,,"Comtrend CT536 wireless ADSL router",95
5.62.5.79,,"Comtrend CT536 wireless ADSL router",95
5.62.5.87,,"Comtrend CT536 wireless ADSL router",95
5.62.5.105,,"Comtrend CT536 wireless ADSL router",95
5.62.5.151,,"Comtrend CT536 wireless ADSL router",93
5.62.5.170,,"Comtrend CT536 wireless ADSL router",95
5.62.6.20,,"Comtrend CT536 wireless ADSL router",94
5.62.6.51,,"Linux 2.6.15 (Ubuntu)",88
5.62.6.57,,"Comtrend CT536 wireless ADSL router",95
5.62.7.35,,"Gemtek P360 WAP or Siemens Gigaset SE515dsl wireless broadband router",95
5.62.7.68,,"Comtrend CT536 wireless ADSL router",93
5.62.8.91,,"Linksys RV042 router",94
5.62.8.97,,"Comtrend CT536 wireless ADSL router",95
5.62.8.148,,"Linux 2.6.15 (Ubuntu)",88
5.62.8.208,,"Gemtek P360 WAP or Siemens Gigaset SE515dsl wireless broadband router",93
5.62.9.17,,"Gemtek P360 WAP or Siemens Gigaset SE515dsl wireless broadband router",95
5.62.9.33,,"Comtrend CT536 wireless ADSL router",93
5.62.10.230,,"Asus RT-AC66U router (Linux 2.6)",90
5.62.10.231,,"Comtrend CT536 wireless ADSL router",93
5.62.13.97,,"Gemtek P360 WAP or Siemens Gigaset SE515dsl wireless broadband router",93
5.62.13.131,,"Comtrend CT536 wireless ADSL router",93
5.62.13.223,,"Comtrend CT536 wireless ADSL router",93
5.62.14.2,,"Gemtek P360 WAP or Siemens Gigaset SE515dsl wireless broadband router",93
5.62.15.16,,"Gemtek P360 WAP or Siemens Gigaset SE515dsl wireless broadband router",93
5.62.15.53,,"Comtrend CT536 wireless ADSL router",93
5.62.15.74,,"Gemtek P360 WAP or Siemens Gigaset SE515dsl wireless broadband router",95
5.62.15.83,,"Comtrend CT536 wireless ADSL router",93
5.62.15.119,,"Gemtek P360 WAP or Siemens Gigaset SE515dsl wireless broadband router",94
5.62.15.157,,"Linksys RV042 router",94
5.62.15.239,,"Comtrend CT536 wireless ADSL router",95
5.62.15.241,,"Linksys RV042 router",94
5.62.16.39,,"Gemtek P360 WAP or Siemens Gigaset SE515dsl wireless broadband router",95
5.62.16.199,,"Comtrend CT536 wireless ADSL router",95
5.62.16.223,,"Gemtek P360 WAP or Siemens Gigaset SE515dsl wireless broadband router",95
5.62.16.229,,"Netgear DG834G WAP or Western Digital WD TV media player",95
5.62.17.20,,"Gemtek P360 WAP or Siemens Gigaset SE515dsl wireless broadband router",95
5.62.17.123,,"Gemtek P360 WAP or Siemens Gigaset SE515dsl wireless broadband router",95
5.62.17.209,,"Gemtek P360 WAP or Siemens Gigaset SE515dsl wireless broadband router",94
5.62.17.251,,"Linksys RV042 router",94
5.62.17.252,,"Gemtek P360 WAP or Siemens Gigaset SE515dsl wireless broadband router",95
5.62.18.9,,"Comtrend CT536 wireless ADSL router",95
5.62.18.109,,"Gemtek P360 WAP or Siemens Gigaset SE515dsl wireless broadband router",93
5.62.18.169,,"Comtrend CT536 wireless ADSL router",95
5.62.19.72,,"Gemtek P360 WAP or Siemens Gigaset SE515dsl wireless broadband router",95
5.62.19.120,,"Comtrend CT536 wireless ADSL router",95
5.62.19.132,,"Comtrend CT536 wireless ADSL router",93
5.62.19.147,,"Comtrend CT536 wireless ADSL router",95
5.62.20.20,,"Gemtek P360 WAP or Siemens Gigaset SE515dsl wireless broadband router",93
5.62.20.189,,"Linksys RV042 router",88
5.62.21.164,,"Comtrend CT536 wireless ADSL router",95
5.62.23.222,,"Comtrend CT536 wireless ADSL router",95
5.62.24.94,,"Comtrend CT536 wireless ADSL router",93
5.62.24.177,,"Gemtek P360 WAP or Siemens Gigaset SE515dsl wireless broadband router",95
5.62.24.202,,"Comtrend CT536 wireless ADSL router",95
5.62.25.53,,"Comtrend CT536 wireless ADSL router",95
5.62.25.115,,"Linksys RV042 router",94
5.62.26.14,,"Linksys RV042 router",94
5.62.26.43,,"Comtrend CT536 wireless ADSL router",95
5.62.26.82,,"Gemtek P360 WAP or Siemens Gigaset SE515dsl wireless broadband router",93
5.62.27.91,,"Comtrend CT536 wireless ADSL router",94
5.62.28.31,,"F5 BIG-IP 3650 Local Traffic Manager load balancer",90
5.62.28.34,,"Comtrend CT536 wireless ADSL router",95
5.62.28.56,,"Comtrend CT536 wireless ADSL router",95
5.62.28.122,,"Comtrend CT536 wireless ADSL router",95
5.62.29.253,,"F5 BIG-IP 3650 Local Traffic Manager load balancer",89
5.62.30.30,,"Comtrend CT536 wireless ADSL router",95
5.62.30.33,,"Comtrend CT536 wireless ADSL router",93
5.62.30.104,,"Netgear DG834G WAP or Western Digital WD TV media player",95
5.62.31.27,,"Comtrend CT536 wireless ADSL router",95
5.62.31.86,,"Comtrend CT536 wireless ADSL router",93
5.62.31.103,,"Gemtek P360 WAP or Siemens Gigaset SE515dsl wireless broadband router",95
5.62.31.132,,"Gemtek P360 WAP or Siemens Gigaset SE515dsl wireless broadband router",93
5.62.31.149,,"Gemtek P360 WAP or Siemens Gigaset SE515dsl wireless broadband router",94
5.62.33.3,,"Linux 2.6.18 - 2.6.32",96
5.62.33.204,,"Linux 2.6.18 - 2.6.32",96
5.62.34.128,,"Linux 2.6.18 - 2.6.32",95
5.62.34.139,,"Linux 2.6.9",94
5.62.34.157,,"Linux 2.6.18 - 2.6.32",96
5.62.35.53,,"Linux 2.6.18 - 2.6.32",96
5.62.35.93,,"Linux 2.6.18 - 2.6.32",96
5.62.35.151,,"Linux 2.6.18 - 2.6.32",96
5.62.35.235,,"Linux 2.6.18 - 2.6.32",96
5.62.36.42,,"Linux 2.6.18 - 2.6.32",96
5.62.36.124,,"Linux 2.6.18 - 2.6.32",96
5.62.36.192,,"Linux 2.6.18 - 2.6.32",96
5.62.37.71,,"Linux 2.6.18 - 2.6.32",96
5.62.37.123,,"Linux 2.6.18 (CentOS 5.4)",94
5.62.37.165,,"Linux 2.6.18 - 2.6.32",96
5.62.39.136,,"Linux 2.6.18 - 2.6.32",96
5.62.40.44,,"Linux 2.6.18 - 2.6.32",96
5.62.40.66,,"Linux 2.6.18 - 2.6.32",96
5.62.42.12,,"Linux 2.6.18 - 2.6.32",96
5.62.42.76,,"Linux 2.6.18 - 2.6.32",96
5.62.43.26,,"Linux 2.6.18 - 2.6.32",96
5.62.43.207,,"Linux 2.6.18 - 2.6.32",96
5.62.44.38,,"Gemtek P360 WAP or Siemens Gigaset SE515dsl wireless broadband router",93
5.62.44.147,,"Linux 2.6.18 - 2.6.32",96
5.62.44.236,,"Linux 2.6.18 - 2.6.32",96
5.62.46.34,,"Linux 2.6.18 - 2.6.32",96
5.62.46.73,,"Linux 2.6.18 - 2.6.32",96
5.62.46.153,,"Linux 2.6.18 - 2.6.32",96
5.62.46.171,,"Linux 2.6.18 - 2.6.32",96
5.62.47.18,,"Linux 2.6.18 - 2.6.21",98
5.62.47.123,,"Linux 2.6.18 - 2.6.32",95
5.62.49.207,,"Linux 2.6.18 - 2.6.21",98
5.62.50.180,,"Linux 2.6.18 - 2.6.32",96
5.62.51.205,,"Linux 2.6.18 - 2.6.32",96
5.62.52.14,,"Linux 2.6.18 - 2.6.32",96
5.62.52.65,,"Linux 2.6.18 - 2.6.32",96
5.62.52.157,,"Linux 2.6.18 - 2.6.32",96
5.62.52.246,,"Linux 2.6.18 - 2.6.32",96
5.62.53.124,,"Linux 2.6.18 - 2.6.32",96
5.62.54.33,,"Linux 2.6.18 - 2.6.32",96
5.62.54.46,,"Linux 2.6.18 - 2.6.32",96
5.62.54.57,,"Linux 2.6.18 - 2.6.32",96
5.62.54.67,,"Linux 2.6.18 - 2.6.32",96
5.62.54.72,,"Linux 2.6.18 - 2.6.32",96
5.62.54.102,,"Linux 2.6.18 - 2.6.32",96
5.62.54.106,,"Linux 2.6.18 - 2.6.32",96
5.62.54.108,,"Linux 2.6.18 - 2.6.32",96
5.62.54.119,,"Linux 2.6.18 - 2.6.32",96
5.62.55.45,,"Linux 2.6.18 - 2.6.32",96
5.62.55.126,,"Linux 2.6.18 - 2.6.32",96
5.62.55.160,,"Linux 2.6.18 - 2.6.32",96
5.62.56.103,,"Linux 2.6.18 - 2.6.32",96
5.62.57.61,,"Linux 2.6.18 - 2.6.32",96
5.62.57.133,,"Linux 2.6.18 - 2.6.32",96
5.62.57.209,,"Linux 2.6.18 - 2.6.32",96
5.62.58.59,,"Linux 2.6.18 - 2.6.32",96
5.62.58.154,,"Linux 2.6.18 - 2.6.32",96
5.62.59.170,,"Linux 2.6.18 - 2.6.32",96
5.62.60.61,,"Linux 2.6.18 - 2.6.32",96
5.62.60.89,,"Linux 2.6.18 - 2.6.32",96
5.62.60.193,,"Linux 2.6.18 - 2.6.32",96
5.62.60.195,,"Linux 2.6.18 - 2.6.32",96
5.62.61.16,,"Linux 2.6.18 - 2.6.32",96
5.62.62.115,,"Linux 2.6.18 - 2.6.32",96
5.62.63.228,,"Linux 2.6.18 - 2.6.32",96
5.62.64.23,,"Linux 2.6.29",92
5.62.64.49,,"Linux 2.6.29",92
5.62.64.254,,"Comtrend CT536 wireless ADSL router",89
5.62.65.49,,"Linux 2.6.29",92
5.62.65.70,,"Linux 2.6.38",92
5.62.65.129,,"Gemtek P360 WAP or Siemens Gigaset SE515dsl wireless broadband router",90
5.62.66.215,,"Linux 2.6.38",90
5.62.67.44,,"Linux 2.6.38",92
5.62.67.92,,"Linux 2.6.38",92
5.62.67.147,,"Linux 2.6.38",92
5.62.67.241,,"Linux 2.6.29",92
5.62.68.80,,"Linux 2.6.29",92
5.62.68.240,,"Linux 2.6.38 - 3.0",92
5.62.68.242,,"Linux 2.6.29",92
5.62.69.78,,"Netgear DG834G WAP or Western Digital WD TV media player",91
5.62.69.187,,"Linux 2.6.29",92
5.62.69.191,,"Linux 2.6.38 - 3.0",92
5.62.70.151,,"Netgear DG834G WAP or Western Digital WD TV media player",96
5.62.70.226,,"Linux 2.6.38 - 3.0",92
5.62.70.242,,"Linux 2.6.38 - 3.0",92
5.62.71.105,,"Comtrend CT536 wireless ADSL router",89
5.62.71.207,,"Linux 3.2 - 3.6",85
5.62.72.83,,"DD-WRT v23 (Linux 2.4.34)",83
5.62.73.117,,"Linux 2.6.38",92
5.62.73.173,,"Linux 2.6.32",86
5.62.74.50,,"Linux 2.6.38 - 3.0",92
5.62.74.62,,"Linux 2.6.38",92
5.62.74.98,,"Linux 2.6.32 - 2.6.39",87
5.62.74.148,,"Linux 2.6.38 - 3.0",92
5.62.74.230,,"Linux 2.6.38",83
5.62.75.117,,"Linux 2.6.38 - 3.0",92
5.62.75.138,,"Linux 2.6.38",95
5.62.76.64,,"Linux 2.6.29",92
5.62.76.117,,"Linux 2.6.38",92
5.62.76.154,,"Linux 2.6.29",92
5.62.76.205,,"Linux 2.6.35",86
5.62.77.98,,"Linux 2.6.29",92
5.62.77.140,,"Gemtek P360 WAP or Siemens Gigaset SE515dsl wireless broadband router",89
5.62.79.125,,"Comtrend CT536 wireless ADSL router",90
5.62.79.181,,"Linux 2.6.38",92
5.62.79.210,,"Linux 2.6.32 - 2.6.39",87
5.62.80.25,,"Gemtek P360 WAP or Siemens Gigaset SE515dsl wireless broadband router",89
5.62.80.120,,"Linux 2.6.38",92
5.62.80.136,,"Comtrend CT536 wireless ADSL router",90
5.62.81.161,,"Linux 2.6.38 - 3.0",92
5.62.82.23,,"Linux 2.6.38",92
5.62.82.96,,"Linux 2.6.32 - 2.6.39",87
5.62.83.76,,"Comtrend CT536 wireless ADSL router",90
5.62.83.159,,"Linux 2.6.38",92
5.62.84.241,,"Linux 2.6.29",92
5.62.85.86,,"Linux 2.6.32",86
5.62.85.118,,"Gemtek P360 WAP or Siemens Gigaset SE515dsl wireless broadband router",90
5.62.85.136,,"Comtrend CT536 wireless ADSL router",90
5.62.86.39,,"Gemtek P360 WAP or Siemens Gigaset SE515dsl wireless broadband router",90
5.62.86.68,,"Linux 2.6.29",92
5.62.86.191,,"Comtrend CT536 wireless ADSL router",90
5.62.86.193,,"Linux 2.6.38",92
5.62.86.196,,"Linksys RV042 router",94
5.62.87.17,,"Netgear DG834G WAP or Western Digital WD TV media player",95
5.62.87.68,,"Gemtek P360 WAP or Siemens Gigaset SE515dsl wireless broadband router",90
5.62.87.82,,"Comtrend CT536 wireless ADSL router",90
5.62.88.68,,"Linksys RV042 router",90
5.62.88.98,,"Gemtek P360 WAP or Siemens Gigaset SE515dsl wireless broadband router",89
5.62.88.108,,"Comtrend CT536 wireless ADSL router",90
5.62.88.123,,"Comtrend CT536 wireless ADSL router",90
5.62.88.246,,"Linux 2.6.38",94
5.62.90.142,,"Gemtek P360 WAP or Siemens Gigaset SE515dsl wireless broadband router",89
5.62.90.179,,"Comtrend CT536 wireless ADSL router",90
5.62.91.67,,"Linux 2.6.38",92
5.62.91.69,,"Comtrend CT536 wireless ADSL router",90
5.62.91.138,,"Gemtek P360 WAP or Siemens Gigaset SE515dsl wireless broadband router",90
5.62.91.157,,"Linux 2.6.38 - 3.0",92
5.62.91.178,,"Comtrend CT536 wireless ADSL router",89
5.62.92.74,,"Netgear DG834G WAP or Western Digital WD TV media player",92
5.62.92.113,,"Netgear DG834G WAP or Western Digital WD TV media player",91
5.62.93.37,,"Linux 2.6.38",92
5.62.94.176,,"Linux 2.6.38",92
5.62.95.214,,"Linux 2.6.18 - 2.6.32",96
5.62.96.20,,"Linux 2.6.18 - 2.6.32",96
5.62.97.32,,"Linux 2.6.18 - 2.6.32",96
5.62.97.47,,"Linux 2.6.18 - 2.6.32",96
5.62.97.178,,"Linux 2.6.18 - 2.6.32",96
5.62.98.5,,"Linux 2.6.18 - 2.6.32",96
5.62.98.161,,"Linux 2.6.18 - 2.6.32",96
5.62.102.53,,"Linux 2.6.18 - 2.6.21",98
5.62.103.68,,"Linux 2.6.18 - 2.6.21",98
5.62.103.115,,"Linux 2.6.18 - 2.6.32",96
5.62.104.4,,"Linux 2.6.18 - 2.6.32",96
5.62.104.182,,"Linux 2.6.18 - 2.6.32",96
5.62.105.123,,"Linux 2.6.18 - 2.6.32",96
5.62.106.150,,"Linux 2.6.15 - 2.6.26 (likely embedded)",94
5.62.107.54,,"Linux 2.6.18 - 2.6.21",98
5.62.107.157,,"Linux 2.6.18 - 2.6.32",96
5.62.107.171,,"Linux 2.6.18 - 2.6.21",94
5.62.107.192,,"Linux 2.6.18 - 2.6.32",96
5.62.108.38,,"Linux 2.6.18 - 2.6.21",98
5.62.108.143,,"Linux 2.6.18 - 2.6.21",94
5.62.109.85,,"Linux 2.6.18 - 2.6.32",96
5.62.109.144,,"Linux 2.6.18 - 2.6.32",96
5.62.109.148,,"Linux 2.6.18 - 2.6.21",98
5.62.109.206,,"Linux 2.6.18 - 2.6.21",98
5.62.110.72,,"Linux 2.6.18 - 2.6.32",96
5.62.110.160,,"Gemtek P360 WAP or Siemens Gigaset SE515dsl wireless broadband router",93
5.62.110.189,,"Linux 2.6.18 - 2.6.21",94
5.62.110.230,,"Linux 2.6.18 - 2.6.21",98
5.62.111.89,,"Linux 2.6.18 - 2.6.32",95
5.62.111.115,,"Linux 2.6.18 - 2.6.32",96
5.62.112.5,,"Linux 2.6.18 - 2.6.32",96
5.62.112.97,,"Linux 2.6.18 - 2.6.21",98
5.62.113.143,,"Linux 2.6.18 - 2.6.32",96
5.62.113.153,,"Linux 2.6.18 - 2.6.32",96
5.62.116.5,,"Linux 2.6.18 - 2.6.32",96
5.62.116.198,,"Linux 2.6.18 - 2.6.32",96
5.62.116.239,,"Linux 2.6.18 - 2.6.32",96
5.62.117.106,,"Linux 2.6.18 - 2.6.32",96
5.62.117.128,,"Linux 2.6.18 - 2.6.32",96
5.62.117.154,,"Linux 2.6.18 - 2.6.32",96
5.62.118.247,,"Linux 2.6.18 - 2.6.32",96
5.62.119.59,,"Linux 2.6.18 - 2.6.32",96
5.62.119.218,,"Linux 2.6.18 - 2.6.32",96
5.62.120.14,,"Linux 2.6.18 - 2.6.32",96
5.62.120.151,,"Linux 2.6.18 - 2.6.32",96
5.62.120.172,,"Linux 2.6.18 - 2.6.32",96
5.62.120.243,,"Linux 2.6.18 - 2.6.21",98
5.62.121.204,,"Linux 2.6.18 - 2.6.21",98
5.62.122.107,,"Linux 2.6.18 - 2.6.32",96
5.62.122.231,,"Linux 2.6.18 - 2.6.32",96
5.62.123.135,,"Linux 2.6.18 - 2.6.32",96
5.62.124.24,,"Linux 2.6.18 - 2.6.32",96
5.62.124.165,,"Linux 2.6.18 - 2.6.21",94
5.62.124.243,,"Linux 2.6.18 - 2.6.21",94
5.62.124.248,,"Linux 2.6.18 - 2.6.32",96
5.62.125.3,,"Linux 2.6.18 - 2.6.32",96
5.62.126.138,,"Linux 2.6.18 - 2.6.32",96
5.62.127.46,,"Linux 2.6.38",92
5.62.127.61,,"Gemtek P360 WAP or Siemens Gigaset SE515dsl wireless broadband router",89
5.62.127.110,,"Comtrend CT536 wireless ADSL router",90
5.62.127.171,,"Linux 2.6.38 - 3.0",92
5.62.127.174,,"Comtrend CT536 wireless ADSL router",90
5.62.127.180,,"Netgear DG834G WAP or Western Digital WD TV media player",95
5.62.127.196,,"Linux 2.6.38",92
5.63.63.148,,"MikroTik RouterOS 3.30",99
5.63.153.185,,"Linux 2.6.32 - 3.2",95
5.63.153.214,,"Linux 2.6.32 - 3.2",95
5.63.154.157,5-63-154-157.xen.vps.regruhosting.ru,"Linux 2.6.32 - 3.2",95
5.63.155.110,kostjunino.ru,"Linux 2.6.32 - 3.2",95
5.63.155.182,5-63-155-182.ovz.vps.regruhosting.ru,"Linux 3.0",95
5.72.35.87,,"Linux 2.6.18 - 2.6.32",96
5.74.203.136,,"Linux 2.6.18 - 2.6.32",96
5.74.203.168,,"Linux 2.6.18 - 2.6.32",96
5.74.248.73,,"Linux 2.6.18 - 2.6.32",96
5.83.24.85,,"FreeBSD 6.2-STABLE - 6.4-STABLE",96
5.104.35.99,5-104-35-99.mytrinity.com.ua,VxWorks,99
5.105.1.61,5-105-1-61.mytrinity.com.ua,"Control4 HC-300 home controller",99
5.134.80.4,,"Linux 2.6.32 - 3.2",95
5.134.80.117,,"Linux 2.6.32 - 3.2",91
5.134.80.159,,"Linux 2.6.32 - 3.2",91
5.134.80.163,,"Linux 2.6.32 - 3.2",95
5.134.80.205,,"Linux 2.6.32 - 3.2",95
5.134.81.6,,"Linux 2.6.32 - 3.2",91
5.134.81.12,,"Linux 2.6.32 - 3.2",95
5.134.81.20,,"Linux 2.6.32 - 3.2",95
5.134.81.22,,"Linux 2.6.32 - 3.2",95
5.134.81.48,,"Linux 2.6.32 - 3.2",95
5.134.81.77,,"Linux 2.6.32 - 3.2",95
5.134.81.80,,"Linux 2.6.32 - 3.2",95
5.134.81.127,,"Linux 2.6.32 - 3.2",95
5.134.81.128,,"Linux 2.6.32 - 3.2",95
5.134.81.139,,"Linux 2.6.32 - 3.2",95
5.134.81.140,,"Linux 2.6.32 - 3.2",95
5.134.81.154,,"Linux 2.6.32 - 3.2",95
5.134.81.156,,"Linux 2.6.32 - 3.2",95
5.134.81.161,,"Linux 2.6.32 - 3.2",95
5.134.81.167,,"Linux 2.6.32 - 3.2",91
5.134.81.174,,"Linux 2.6.32 - 3.2",95
5.134.81.197,,"Linux 2.6.32 - 3.2",95
5.134.81.203,,"Linux 2.6.32 - 3.2",91
5.134.81.245,,"Linux 2.6.32 - 3.2",95
5.134.81.246,,"Linux 2.6.32 - 3.2",95
5.134.82.6,,"Linux 2.6.32 - 3.2",95
5.134.82.28,,"Linux 2.6.32 - 3.2",95
5.134.82.33,,"Linux 2.6.32 - 3.2",95
5.134.82.40,,"Linux 2.6.32 - 3.2",95
5.134.82.50,,"Linux 2.6.32 - 3.2",95
5.134.82.51,,"Linux 2.6.32 - 3.2",95
5.134.82.72,,"Linux 2.6.32 - 3.2",95
5.134.82.119,,"Linux 2.6.32 - 3.2",95
5.134.82.123,,"Linux 2.6.32 - 3.2",95
5.134.82.132,,"Linux 2.6.32 - 3.2",95
5.134.82.174,,"Linux 2.6.32 - 3.2",95
5.134.82.178,,"Linux 2.6.32 - 3.2",95
5.134.82.210,,"Linux 2.6.32 - 3.2",95
5.134.82.219,,"Linux 2.6.32 - 3.2",95
5.134.82.234,,"Linux 2.6.32 - 3.2",95
5.134.82.247,,"Linux 2.6.32 - 3.2",95
5.134.82.250,,"Linux 2.6.32 - 3.2",95
5.134.83.68,,"Linux 2.6.32 - 3.2",95
5.134.83.77,,"Linux 2.6.32 - 3.2",95
5.134.83.84,,"Linux 2.6.32 - 3.2",95
5.134.83.89,,"Linux 2.6.32 - 3.2",95
5.134.83.90,,"Linux 2.6.32 - 3.2",95
5.134.83.97,,"Linux 2.6.32 - 3.2",95
5.134.83.134,,"Linux 2.6.32 - 3.2",95
5.134.83.136,,"Linux 2.6.32 - 3.2",95
5.134.83.141,,"Linux 2.6.32 - 3.2",95
5.134.83.146,,"Linux 2.6.32 - 3.2",95
5.134.83.153,,"Linux 2.6.32 - 3.2",95
5.134.83.158,,"Linux 2.6.32 - 3.2",95
5.134.83.193,,"Linux 2.6.32 - 3.2",95
5.134.83.198,,"Linux 2.6.32 - 3.2",95
5.134.83.250,,"Linux 2.6.32 - 3.2",95
5.134.83.251,,"Linux 2.6.32 - 3.2",95
5.134.84.25,,"Linux 2.6.32 - 3.2",95
5.134.84.134,,"Linux 2.6.32 - 3.2",95
5.134.84.218,,"Linux 2.6.32 - 3.2",95
5.134.85.37,,"Linux 2.6.32 - 3.2",95
5.134.85.55,,"Linux 2.6.32 - 3.2",95
5.134.85.75,,"Linux 2.6.32 - 3.2",95
5.134.85.112,,"Linux 2.6.32 - 3.2",95
5.134.85.154,,"Linux 2.6.32 - 3.2",95
5.134.85.163,,"Linux 2.6.32 - 3.2",91
5.134.85.168,,"Linux 2.6.32 - 3.2",91
5.134.85.174,,"Linux 2.6.32 - 3.2",95
5.134.85.194,,"Linux 2.6.32 - 3.2",95
5.134.85.206,,"Linux 2.6.32 - 3.2",95
5.134.85.217,,"Linux 2.6.32 - 3.2",95
5.134.85.248,,"Linux 2.6.32 - 3.2",95
5.134.85.251,,"Linux 2.6.32 - 3.2",95
5.134.85.252,,"Linux 2.6.32 - 3.2",95
5.134.85.254,,"Linux 2.6.32 - 3.2",95
5.134.86.10,,"Linux 2.6.32 - 3.2",95
5.134.86.18,,"Linux 2.6.32 - 3.2",91
5.134.86.29,,"Linux 2.6.32 - 3.2",95
5.134.86.87,,"Linux 2.6.32 - 3.2",95
5.134.86.97,,"Linux 2.6.32 - 3.2",95
5.134.86.99,,"Linux 2.6.32 - 3.2",95
5.134.86.106,,"Linux 2.6.32 - 3.2",95
5.134.86.128,,"Linux 2.6.32 - 3.2",95
5.134.86.136,,"Linux 2.6.32 - 3.2",95
5.134.86.142,,"Linux 2.6.32 - 3.2",95
5.134.86.154,,"Linux 2.6.32 - 3.2",95
5.134.86.155,,"Linux 2.6.32 - 3.2",95
5.134.86.161,,"Linux 2.6.32 - 3.2",95
5.134.86.172,,"Linux 2.6.32 - 3.2",95
5.134.86.174,,"Linux 2.6.32 - 3.2",95
5.134.86.182,,"Linux 2.6.32 - 3.2",95
5.134.86.184,,"Linux 2.6.32 - 3.2",95
5.134.86.189,,"Linux 2.6.32 - 3.2",95
5.134.86.214,,"Linux 2.6.32 - 3.2",95
5.134.86.243,,"Linux 2.6.32 - 3.2",95
5.134.87.29,,"Linux 2.6.32 - 3.2",95
5.134.87.36,,"Linux 2.6.32 - 3.2",95
5.134.87.40,,"Linux 2.6.32 - 3.2",95
5.134.87.64,,"Linux 2.6.32 - 3.2",95
5.134.87.66,,"Linux 2.6.32 - 3.2",95
5.134.87.83,,"Linux 2.6.32 - 3.2",95
5.134.87.99,,"Linux 2.6.32 - 3.2",95
5.134.87.101,,"Linux 2.6.32 - 3.2",95
5.134.87.107,,"Linux 2.6.32 - 3.2",95
5.134.87.108,,"Linux 2.6.32 - 3.2",95
5.134.87.110,,"Linux 2.6.32 - 3.2",95
5.134.87.111,,"Linux 2.6.32 - 3.2",95
5.134.87.121,,"Linux 2.6.32 - 3.2",95
5.134.87.145,,"Linux 2.6.32 - 3.2",95
5.134.87.155,,"Linux 2.6.32 - 3.2",95
5.134.87.156,,"Linux 2.6.32 - 3.2",95
5.134.87.160,,"Linux 2.6.32 - 3.2",95
5.134.87.167,,"Linux 2.6.32 - 3.2",95
5.134.87.181,,"Linux 2.6.32 - 3.2",95
5.134.87.189,,"Linux 2.6.32 - 3.2",95
5.134.87.210,,"Linux 2.6.32 - 3.2",95
5.134.87.227,,"Linux 2.6.32 - 3.2",95
5.134.87.243,,"Linux 2.6.32 - 3.2",95
5.135.2.172,h7kjps6lcw2cvwe.panelbig.com,"Linux 2.6.32",96
5.145.217.141,,"Microsoft Windows Vista SP2",97
5.152.197.14,h5-152-197-14.host.redstation.co.uk,"Microsoft Windows XP SP3",96
5.152.198.238,h5-152-198-238.host.redstation.co.uk,"Linux 2.6.9 - 2.6.33",96
5.152.200.18,h5-152-200-18.host.redstation.co.uk,"Microsoft Windows 7 SP0 - SP1, Windows Server 2008 SP1, or Windows 8",96
5.152.200.35,h5-152-200-35.host.redstation.co.uk,"Microsoft Windows Server 2003 SP1 or SP2",94
5.152.200.40,h5-152-200-40.host.redstation.co.uk,"Microsoft Windows Server 2003 SP1 or SP2",93
5.153.5.131,5.153.5.131-static.reverse.softlayer.com,"Linux 2.6.18 - 2.6.32",95
5.157.104.255,5-157-104-255.v4.ngi.it,"Linux 2.4.33 (embedded)",96
5.164.131.44,5x164x131x44.dynamic.samara.ertelecom.ru,"Microsoft Windows XP SP2 or SP3",96
5.164.164.141,5x164x164x141.dynamic.samara.ertelecom.ru,"Microsoft Windows Vista SP2",95
5.164.205.58,5x164x205x58.dynamic.nn.ertelecom.ru,"Microsoft Windows XP SP2 or SP3",96
5.164.238.205,5x164x238x205.dynamic.nn.ertelecom.ru,"Microsoft Windows XP SP2 or SP3",95
5.164.245.167,5x164x245x167.dynamic.nn.ertelecom.ru,"Microsoft Windows XP SP2 or SP3",96
5.164.249.105,5x164x249x105.dynamic.nn.ertelecom.ru,"D-Link DI-504 or DI-704P broadband router, or DI-524 WAP",87
5.165.8.223,5x165x8x223.dynamic.ekat.ertelecom.ru,"Microsoft Windows XP Professional SP2",95
5.165.127.94,5x165x127x94.dynamic.lipetsk.ertelecom.ru,"Microsoft Windows XP Professional SP2",95
5.166.245.42,5x166x245x42.dynamic.spb.ertelecom.ru,"Microsoft Windows Vista SP2",99
5.167.76.234,5x167x76x234.dynamic.yola.ertelecom.ru,"Microsoft Windows XP SP2 - SP3",95
5.177.49.50,,"Sagem My du@l radio 700 Internet radio",85
5.186.51.206,,"Linux 2.6.9 - 2.6.30",96
5.186.52.255,,"Linksys WRV54G WAP",96
5.186.55.20,,"Linux 2.6.18",95
8.20.243.125,,"Linux 2.6.9 - 2.6.24",98
8.20.243.178,,"Linux 2.6.9 - 2.6.24",94
12.239.193.230,,"Symbol AP-3021 switch",88
14.32.16.87,,"DD-WRT (Linux 2.6.23, MIPS)",98
14.32.91.182,,"Aastra Dialog 4425 IP phone",98
14.36.48.114,,"Gemtek P360 WAP or Siemens Gigaset SE515dsl wireless broadband router",96
14.37.19.221,,"Linux 2.6.18 - 2.6.32",98
14.37.47.49,,"Linux 2.6.18 - 2.6.32",99
14.42.152.185,,"OpenWrt (Linux 2.4.32)",94
14.43.247.190,,"Linksys WRV54G WAP",99
14.44.66.109,,"Linksys WRV54G WAP",97
14.44.101.68,,"Linux 2.6.18",99
14.48.6.146,,"Linux 2.6.9 - 2.6.33",97
14.48.8.96,,"Linux 2.6.18",97
14.48.32.85,,"Epson Stylus Pro 400 printer",94
14.48.32.165,,"Epson Stylus Pro 400 printer",94
14.48.61.172,,"Linux 2.6.9 - 2.6.33",97
14.48.121.176,,"Linux 2.6.13 - 2.6.32",97
14.48.122.104,,"D-Link DAP-1522 WAP, or Xerox WorkCentre Pro 245 or 6556 printer",99
14.48.122.171,,"Linux 2.6.13 - 2.6.32",97
14.48.232.133,,"Aruba A800 wireless LAN switch",98
14.50.4.224,,"Linux 2.6.18",97
14.50.140.117,,"Microsoft Windows Vista Home Premium SP1, Windows 7, or Windows Server 2008",97
14.53.231.9,,"OpenWrt Backfire 10.03.1 (Linux 2.6.32)",97
14.54.127.151,,"Linux 2.6.18",99
14.56.181.156,,"Linksys WRV54G WAP",94
14.64.15.25,,"Linux 2.6.13 - 2.6.32",96
14.64.51.232,,"Linux 2.6.9 - 2.6.30",96
14.64.57.94,,"Linux 2.6.9 - 2.6.30",96
14.64.57.96,,"Linux 2.4.21 (embedded)",97
14.64.138.244,,"Linux 2.6.9 - 2.6.30",96
14.64.165.36,,"Linux 2.6.9 - 2.6.30",96
14.64.183.238,,"Linux 2.6.13 - 2.6.32",96
14.65.20.75,,"LifeSize video conferencing system or ShoreTel 8800 VoIP phone (Linux 2.4)",96
14.65.45.180,,"Linux 2.6.9 - 2.6.30",96
14.65.60.143,,"Linux 2.6.13 - 2.6.32",96
14.66.0.80,,"Linux 2.6.9 - 2.6.30",96
14.66.0.146,,"Linux 2.6.9 - 2.6.30",96
14.67.2.46,,"Linux 2.6.9 - 2.6.30",96
14.67.6.183,,"Linux 2.6.13 - 2.6.32",96
14.67.130.116,,"Linux 2.6.9 - 2.6.30",96
14.67.133.199,,"Linux 2.6.9 - 2.6.30",96
14.67.152.52,,"Linux 2.6.9 - 2.6.30",96
14.67.198.140,,"Linux 2.6.9 - 2.6.30",96
14.68.28.202,,"Linux 2.6.9 - 2.6.30",96
14.68.144.24,,"Linux 2.6.9 - 2.6.30",96
14.72.12.106,,"Linux 2.6.9 - 2.6.30",96
14.73.128.237,,"Linux 2.6.9 - 2.6.30",96
14.74.15.216,,"Linux 2.6.9 - 2.6.30",96
14.74.25.106,,"Linux 2.6.9 - 2.6.30",96
14.74.82.92,,"Linux 2.6.9 - 2.6.30",96
14.74.86.246,,"Linux 2.6.9 - 2.6.30",96
14.74.124.45,,"Linux 2.6.9 - 2.6.30",96
14.74.139.205,,"Linux 2.6.9 - 2.6.30",96
14.74.150.79,,"LifeSize video conferencing system or ShoreTel 8800 VoIP phone (Linux 2.4)",96
14.75.5.161,,"Linux 2.6.9 - 2.6.30",96
14.75.52.157,,"Linux 2.6.9 - 2.6.30",96
14.75.163.193,,"Linux 2.6.9 - 2.6.30",96
14.75.163.231,,"Linksys WRV54G WAP",97
14.75.173.58,,"Linux 2.6.13 - 2.6.32",96
14.75.205.19,,"Linux 2.6.27 - 2.6.28",96
14.75.212.185,,"Linux 2.6.13 - 2.6.32",96
14.75.231.93,,"Linux 2.6.9 - 2.6.30",96
14.76.8.204,,"Linux 2.6.9 - 2.6.30",96
14.76.29.161,,"Linux 2.6.9 - 2.6.30",96
14.76.37.65,,"Linux 2.6.9 - 2.6.30",96
14.77.11.102,,"Linux 2.6.9 - 2.6.30",96
14.77.32.107,,"Linux 2.6.9 - 2.6.30",96
14.77.60.14,,"Linux 2.6.9 - 2.6.30",96
14.77.99.129,,"Linux 2.6.9 - 2.6.30",96
14.77.137.10,,"Linksys WRV54G WAP",93
14.77.227.10,,"Linux 2.6.9 - 2.6.30",96
14.77.227.70,,"Linux 2.6.9 - 2.6.30",96
14.77.230.223,,"Linux 2.6.9 - 2.6.30",96
14.78.18.183,,"LifeSize video conferencing system or ShoreTel 8800 VoIP phone (Linux 2.4)",96
14.78.64.110,,"Linux 2.6.9 - 2.6.30",96
14.78.111.209,,"Linux 2.6.9 - 2.6.30",96
14.78.137.185,,"Linux 2.6.9 - 2.6.30",96
14.78.143.150,,"LifeSize video conferencing system or ShoreTel 8800 VoIP phone (Linux 2.4)",96
14.78.145.173,,"Linux 2.6.9 - 2.6.30",96
14.78.176.77,,"Linux 2.6.9 - 2.6.30",96
14.78.177.122,,"Linux 2.6.9 - 2.6.30",96
14.78.232.217,,"Linux 2.6.9 - 2.6.30",96
14.79.77.9,,"LifeSize video conferencing system or ShoreTel 8800 VoIP phone (Linux 2.4)",96
14.79.158.193,,"Linksys WRV54G WAP",93
14.80.18.26,,"Linux 2.6.9 - 2.6.33",96
14.80.73.62,,"HP 4200 PSA (Print Server Appliance) model J4117A",97
14.80.88.83,,"Linux 2.6.9 - 2.6.30",96
14.80.90.42,,"Linux 2.6.9 - 2.6.30",96
14.81.16.112,,"D-Link DAP-1522 WAP, or Xerox WorkCentre Pro 245 or 6556 printer",95
14.81.48.254,,"Lantronix SLC 8 terminal server (Linux 2.6)",93
14.81.64.80,,"Linux 2.6.27 - 2.6.28",96
14.81.100.73,,"D-Link DAP-1522 WAP, or Xerox WorkCentre Pro 245 or 6556 printer",96
14.81.138.185,,"Linux 2.6.27 - 2.6.28",96
14.81.139.203,,"Linux 2.6.27 - 2.6.28",96
14.81.216.16,,"Linux 2.6.9 - 2.6.30",96
14.81.216.242,,"Linux 2.6.9 - 2.6.30",96
14.82.30.20,,"Linux 2.6.27 - 2.6.28",96
14.82.32.103,,"Linux 2.6.27 - 2.6.28",95
14.82.37.161,,"Linux 2.6.8 - 2.6.27",94
14.82.44.220,,"Linux 2.6.27 - 2.6.28",99
14.82.51.51,,"Linux 2.6.27 - 2.6.28",95
14.82.60.238,,"Linux 2.6.27 - 2.6.28",96
14.82.62.182,,"Linux 2.6.27 - 2.6.28",96
14.82.63.58,,"Linux 2.6.13 - 2.6.32",97
14.82.66.2,,"Linux 2.6.27 - 2.6.28",95
14.82.70.195,,"Linux 2.6.27 - 2.6.28",96
14.82.105.59,,"Linux 2.6.27 - 2.6.28",96
14.82.232.225,,"Linux 2.6.27 - 2.6.28",94
14.82.234.43,,"Linux 2.6.27 - 2.6.28",95
14.82.243.32,,"Linux 2.6.27 - 2.6.28",96
14.82.244.161,,"LifeSize video conferencing system or ShoreTel 8800 VoIP phone (Linux 2.4)",96
14.82.245.221,,"Linux 2.6.27 - 2.6.28",96
14.82.247.25,,"Linux 2.6.9 - 2.6.30",96
14.83.7.194,,"Linux 2.6.27 - 2.6.28",96
14.83.74.103,,"Linux 2.6.27 - 2.6.28",95
14.83.106.78,,"Linux 2.6.27 - 2.6.28",96
14.83.108.72,,"Linux 2.6.27 - 2.6.28",96
14.83.108.106,,"Linux 2.6.27 - 2.6.28",96
14.84.37.216,,"Linux 2.6.9 - 2.6.30",96
14.84.41.106,,"Linux 2.6.9 - 2.6.30",96
14.84.44.35,,"Linux 2.6.13 - 2.6.32",96
14.84.53.49,,"Linux 2.6.9 - 2.6.30",96
14.84.53.103,,"Linux 2.6.13 - 2.6.32",96
14.84.68.156,,"Linux 2.6.9 - 2.6.30",96
14.84.81.69,,"Linux 2.6.9 - 2.6.30",96
14.84.134.170,,"Linux 2.4.21 (embedded)",97
14.85.7.145,,"Linux 2.6.9 - 2.6.30",96
14.85.14.174,,"Linux 2.6.9 - 2.6.30",96
14.85.20.10,,"Linux 2.6.9 - 2.6.30",96
14.85.27.81,,"Linux 2.6.9 - 2.6.33",96
14.85.52.21,,"Linux 2.6.9 - 2.6.30",96
14.85.61.122,,"Linux 2.6.9 - 2.6.30",96
14.104.136.186,,"Linux 2.4.33 (embedded)",96
14.104.176.241,,VxWorks,96
14.104.195.119,,"Linux 2.4.33 (embedded)",96
14.105.198.107,,"Microsoft Windows Vista",96
14.106.254.216,,"Microsoft Windows XP SP2 - SP3",96
14.108.94.44,,"Linux 2.4.33 (embedded)",96
14.108.180.132,,"Microsoft Windows XP SP3",95
14.109.16.7,,"Linux 2.4.33 (embedded)",96
14.109.241.236,,"Microsoft Windows 7 SP0 - SP1",96
14.110.15.25,,VxWorks,96
14.111.7.157,,"Microsoft Windows XP SP3",95
14.111.60.189,,"Microsoft Windows XP SP3",96
14.111.128.4,,"Microsoft Windows Vista",96
14.111.167.22,,"Microsoft Windows XP SP2 or SP3",96
14.111.195.54,,"Microsoft Windows Server 2003 SP2",90
14.111.220.83,,"Microsoft Windows XP SP3",95
14.111.235.165,,"Linksys WRV54G WAP",97
14.111.238.179,,"Microsoft Windows 7 SP0 - SP1",96
14.111.255.242,,"Microsoft Windows XP SP3",94
14.112.68.221,,"Linux 2.4.33 (embedded)",96
14.112.85.199,,"Linux 2.4.33 (embedded)",94
14.113.40.175,,"Linux 2.4.33 (embedded)",99
14.113.244.77,,"Microsoft Windows XP SP3",96
14.114.34.173,,"Linux 2.4.33 (embedded)",96
14.114.150.231,,"Linksys WRV54G WAP",91
14.115.32.8,,"Redback Networks SmartEdge 600 router (SmartEdge OS)",90
14.115.223.153,,"Redback Networks SmartEdge 600 router (SmartEdge OS)",89
14.117.9.48,,"Linux 2.4.33 (embedded)",95
14.125.50.208,,"Linux 2.4.33 (embedded)",94
14.126.209.134,,"NAS device (Linux 2.6.15): GalaxyMetalGear 4500MGB, Icy Box IB-NAS4220-B, or MRT Dual GigaNAS",96
14.135.230.245,,"Linux 2.4.33 (embedded)",99
14.136.65.102,014136065102.ctinets.com,"LifeSize video conferencing system or ShoreTel 8800 VoIP phone (Linux 2.4)",96
14.136.122.12,014136122012.ctinets.com,"D-Link DVG-5112S or DVG-6004S VoIP adapter",96
14.144.7.54,,"Linux 2.4.33 (embedded)",96
14.146.16.194,,"Microsoft Windows Longhorn",86
14.147.3.200,,"Linux 2.4.33 (embedded)",96
14.148.246.152,,"Linux 2.4.33 (embedded)",96
14.150.107.237,,"Linux 2.4.33 (embedded)",96
14.150.142.43,,"Linux 2.4.33 (embedded)",96
14.150.244.9,,"Linux 2.4.33 (embedded)",94
14.153.248.151,,"Netgear WGR614v7 wireless broadband router",96
14.154.131.92,,"Microsoft Windows XP SP2",96
14.155.3.76,,"Netgear DG834G WAP or Western Digital WD TV media player",90
14.155.127.137,,"Microsoft Windows XP SP2 or SP3",96
14.192.66.250,,"Linux 2.6.19 - 2.6.36",98
14.198.36.91,014198036091.ctinets.com,"OpenWrt White Russian 0.9 (Linux 2.4.30)",92
14.198.56.159,014198056159.ctinets.com,"D-Link DVG-5112S or DVG-6004S VoIP adapter",96
14.198.114.113,014198114113.ctinets.com,"Linux 2.6.16",99
14.198.145.25,014198145025.ctinets.com,"ipTIME PRO 54G WAP",99
14.199.108.83,014199108083.ctinets.com,"AirMagnet SmartEdge wireless sensor; or Foscam FI8904W, FI8910W, or FI8918W, or Instar IN-3010 surveillance camera (Linux 2.4)",94
14.199.206.26,014199206026.ctinets.com,"D-Link DVG-5112S or DVG-6004S VoIP adapter",96
14.199.215.80,014199215080.ctinets.com,"D-Link DVG-5112S or DVG-6004S VoIP adapter",96
14.208.201.109,,"Linux 2.4.33 (embedded)",96
14.209.148.227,,"Linux 2.4.33 (embedded)",95
14.212.115.148,,"Linux 2.4.33 (embedded)",96
14.212.254.217,,"Linux 2.4.33 (embedded)",96
14.213.165.70,,"Linux 2.4.33 (embedded)",95
14.213.203.130,,"Linux 2.4.33 (embedded)",96
14.214.234.65,,VxWorks,96
14.215.81.229,,"Linux 2.4.33 (embedded)",96
14.216.55.207,,"Linux 2.4.33 (embedded)",94
14.216.128.229,,"Microsoft Windows Vista",96
14.218.103.0,,"Linux 2.4.33 (embedded)",97
14.219.45.105,,"Microsoft Windows Vista",96
14.219.58.87,,"Linux 2.4.33 (embedded)",96
14.219.170.52,,"Linux 2.4.33 (embedded)",96
14.221.88.93,,"Linux 2.4.33 (embedded)",94
14.222.53.151,,"Microsoft Windows XP SP2 - SP3",96
14.222.133.162,,"Linux 2.4.33 (embedded)",96
14.223.95.150,,"Linux 2.4.33 (embedded)",99
18.62.31.29,,"Symbol AP-3021 switch",85
23.2.6.29,a23-2-6-29.deploy.static.akamaitechnologies.com,"OpenWrt White Russian 0.9 (Linux 2.4.30)",95
23.2.6.50,a23-2-6-50.deploy.static.akamaitechnologies.com,"OpenWrt White Russian 0.9 (Linux 2.4.30)",95
23.2.7.180,a23-2-7-180.deploy.static.akamaitechnologies.com,"Linux 2.6.37",96
23.14.92.107,a23-14-92-107.deploy.static.akamaitechnologies.com,"Linux 2.6.32 - 3.2",95
23.14.92.214,a23-14-92-214.deploy.static.akamaitechnologies.com,"Linux 2.6.32 - 3.2",95
23.14.93.183,a23-14-93-183.deploy.static.akamaitechnologies.com,"Linux 2.6.32 - 3.2",95
23.14.93.222,a23-14-93-222.deploy.static.akamaitechnologies.com,"Linux 2.6.32 - 3.2",95
23.14.94.79,a23-14-94-79.deploy.static.akamaitechnologies.com,"Linux 2.6.32 - 3.2",95
23.14.94.83,a23-14-94-83.deploy.static.akamaitechnologies.com,"Linux 2.6.32 - 3.2",95
23.19.152.225,23.19.152.225.rdns.ubiquity.io,"Linux 2.6.32 - 2.6.35",95
23.23.23.23,ec2-23-23-23-23.compute-1.amazonaws.com,"Alcatel-Lucent 7750 Service Router (SR OS 9.0.R9)",96
23.39.194.44,a23-39-194-44.deploy.static.akamaitechnologies.com,"D-Link DI-504 or DI-704P broadband router, or DI-524 WAP",87
23.60.69.73,a23-60-69-73.deploy.static.akamaitechnologies.com,"Linux 2.6.32 - 3.2",95
23.62.99.179,a23-62-99-179.deploy.static.akamaitechnologies.com,"Linux 2.6.32 - 3.2",98
23.62.99.213,a23-62-99-213.deploy.static.akamaitechnologies.com,"Microsoft Windows Server 2008 SP2",95
23.65.26.13,a23-65-26-13.deploy.static.akamaitechnologies.com,"Linux 2.6.37",92
23.65.27.48,a23-65-27-48.deploy.static.akamaitechnologies.com,"OpenWrt (Linux 2.4.32)",94
23.67.251.134,a23-67-251-134.deploy.static.akamaitechnologies.com,"Linux 2.6.32 - 3.2",98
24.49.255.166,24-49-255-166.tm.cgocable.ca,"D-Link DI-504 or DI-704P broadband router, or DI-524 WAP",87
24.50.64.101,24-50-64-101.ri.cgocable.ca,"D-Link DVG-5112S or DVG-6004S VoIP adapter",96
24.52.132.1,24-52-132-1.ip.casscomm.com,"Dell PowerConnect 6248, or Enterasys B3 BG3124 or D2 D2G124 switch",95
24.56.177.145,host-24-56-177-145.beyondbb.com,"DD-WRT v23 - v24-sp2 (Linux 2.4.20 - 2.4.37)",95
24.76.147.84,S010600103f04a444.wp.shawcable.net,"Inova OnTime Clock Version 1.2.P",89
24.88.62.130,twdp-024-088-062-130.triad.rr.com,VxWorks,99
24.96.194.92,ar02-mx-hunt-h.al.knology.net,"Juniper M7i router",97
24.122.86.184,24-122-86-184.ri.cgocable.ca,"D-Link DAP-1522 WAP, or Xerox WorkCentre Pro 245 or 6556 printer",95
24.187.111.78,ool-18bb6f4e.dyn.optonline.net,"D-Link DI-504 or DI-704P broadband router, or DI-524 WAP",87
24.203.137.188,modemcable188.137-203-24.mc.videotron.ca,"LifeSize video conferencing system or ShoreTel 8800 VoIP phone (Linux 2.4)",96
24.213.196.9,rrcs-24-213-196-9.nys.biz.rr.com,"Alcatel-Lucent 7750 Service Router (SR OS 9.0.R9)",96
24.246.25.40,24-246-25-40.cable.teksavvy.com,"Linux 2.4.18 - 2.4.35 (likely embedded)",96
24.254.88.179,,"Vegastream Vega 400 VoIP Gateway",89
24.254.89.121,,"Vegastream Vega 400 VoIP Gateway",89
27.1.12.125,,"Microsoft Windows Vista Home Premium SP1, Windows 7, or Windows Server 2008",96
27.1.17.161,,"Linux 2.6.32 - 3.2",95
27.1.102.144,,"Linux 2.6.18 - 2.6.32",99
27.3.130.240,,"D-Link DVG-5112S or DVG-6004S VoIP adapter",96
27.9.54.210,,"Microsoft Windows XP SP3",96
27.16.122.110,,"Linux 2.4.33 (embedded)",94
27.16.126.120,,"Linux 2.4.33 (embedded)",96
27.16.147.80,,"Microsoft Windows Server 2003 SP2",96
27.16.227.232,,"Linux 2.4.33 (embedded)",96
27.19.88.55,,"Microsoft Windows 7 SP0 - SP1",95
27.19.177.227,,"Microsoft Windows Vista",96
27.21.79.115,,"Microsoft Windows 7 SP0 - SP1",96
27.22.35.107,,"Microsoft Windows Server 2003 SP2",96
27.22.167.213,,"Microsoft Windows 7 SP1 or Windows Server 2008 SP2",95
27.22.223.250,,"OpenWrt (Linux 2.4.32)",94
27.23.153.74,,"Microsoft Windows XP SP3",95
27.23.167.19,,"Microsoft Windows XP SP2 - SP3",96
27.23.197.181,,"Microsoft Windows XP SP3",96
27.25.76.62,,"Microsoft Windows XP SP3",95
27.25.86.153,,"Microsoft Windows Vista",96
27.25.145.33,,"Microsoft Windows XP SP2",96
27.25.192.106,,"Microsoft Windows XP SP3",95
27.27.0.166,,"Microsoft Windows Server 2008 SP1",96
27.27.184.113,,"Microsoft Windows Vista",96
27.28.181.226,,"Linksys NSLU2 NAS device running SlugOS/LE (Linux 2.6.16)",96
27.31.46.75,,"Linux 2.6.14 - 2.6.30",97
27.35.16.192,,"AT&T 3G MicroCell WAP",96
27.35.124.7,,"D-Link DAP-1522 WAP, or Xerox WorkCentre Pro 245 or 6556 printer",99
27.37.187.135,,"Microsoft Windows 7 SP0 - SP1",96
27.38.64.119,,"NAS device (Linux 2.6.15): GalaxyMetalGear 4500MGB, Icy Box IB-NAS4220-B, or MRT Dual GigaNAS",93
27.38.141.113,,"Linux 2.4.33 (embedded)",96
27.38.215.200,,"Linux 2.4.33 (embedded)",99
27.40.76.185,,"Linux 2.4.33 (embedded)",96
27.43.151.185,,"Linux 2.4.33 (embedded)",92
27.50.93.43,,"Microsoft Windows XP",96
27.50.94.200,,"Linux 2.6.18 (CentOS 5.4)",98
27.50.94.204,,"Linux 2.6.18 (CentOS 5.4)",98
27.105.7.198,27-105-7-198-adsl-TPE.dynamic.so-net.net.tw,"Microsoft Windows XP SP3",95
27.107.230.242,static-242.230.107.27-tataidc.co.in,"Linux 2.6.32",93
27.109.235.198,n202z235l198.broadband.ctm.net,"Secure Computing SG550 firewall (Linux 2.4.31)",94
27.112.215.177,,"Interbell IB-305 VoIP phone",97
27.115.48.214,,"D-Link DVG-5112S or DVG-6004S VoIP adapter",96
27.115.171.82,,"Interbell IB-305 VoIP phone",97
27.115.183.220,,"Interbell IB-305 VoIP phone",97
27.115.234.196,,"PORTech GSM VoIP adapter",97
27.116.80.92,,"Interbell IB-305 VoIP phone",97
27.116.91.133,,"Interbell IB-305 VoIP phone",97
27.116.92.105,,"Interbell IB-305 VoIP phone",97
27.116.104.9,,"PORTech GSM VoIP adapter",98
27.116.108.192,,"Interbell IB-305 VoIP phone",97
27.116.109.146,,"Interbell IB-305 VoIP phone",97
27.116.112.90,,"Interbell IB-305 VoIP phone",97
27.116.126.49,,"PORTech GSM VoIP adapter",97
27.116.127.53,,"Interbell IB-305 VoIP phone",97
27.117.80.16,,"Interbell IB-305 VoIP phone",97
27.117.214.14,,"Interbell IB-305 VoIP phone",97
27.118.85.238,,"Linux 2.6.14 - 2.6.30",94
27.118.117.241,,"PORTech GSM VoIP adapter",97
27.119.6.238,,"Interbell IB-305 VoIP phone",97
27.119.9.150,,"Interbell IB-305 VoIP phone",97
27.119.12.226,,"Interbell IB-305 VoIP phone",97
27.119.15.125,,"Interbell IB-305 VoIP phone",97
27.119.48.118,,"Interbell IB-305 VoIP phone",97
27.119.62.2,,"PORTech GSM VoIP adapter",97
27.119.65.145,,"PORTech GSM VoIP adapter",97
27.119.86.231,,"PORTech GSM VoIP adapter",97
27.119.193.59,,"Interbell IB-305 VoIP phone",97
27.120.20.84,,"Interbell IB-305 VoIP phone",97
27.120.20.215,,"PORTech GSM VoIP adapter",97
27.120.21.30,,"PORTech GSM VoIP adapter",97
27.120.24.179,,"Interbell IB-305 VoIP phone",97
27.120.36.113,,"Interbell IB-305 VoIP phone",97
27.120.36.236,,"Interbell IB-305 VoIP phone",97
27.128.99.70,,"Microsoft Windows XP SP3",89
27.130.139.34,mx-ll-27.130.139-34.dynamic.3bb.co.th,"Linksys WRV54G WAP",96
27.148.218.165,,"Linksys WRV54G WAP",96
27.151.27.60,60.27.151.27.broad.fz.fj.dynamic.163data.com.cn,"OpenWrt (Linux 2.4.32)",94
27.151.28.113,113.28.151.27.broad.fz.fj.dynamic.163data.com.cn,"OpenWrt (Linux 2.4.32)",94
27.151.40.48,48.40.151.27.broad.fz.fj.dynamic.163data.com.cn,"OpenWrt (Linux 2.4.32)",94
27.151.55.224,224.55.151.27.broad.fz.fj.dynamic.163data.com.cn,"OpenWrt (Linux 2.4.32)",94
27.151.58.234,234.58.151.27.broad.fz.fj.dynamic.163data.com.cn,"Linux 2.4.33 (embedded)",96
27.151.98.195,195.98.151.27.broad.fz.fj.dynamic.163data.com.cn,"OpenWrt (Linux 2.4.32)",94
27.151.102.191,191.102.151.27.broad.fz.fj.dynamic.163data.com.cn,"MikroTik RouterOS 3.30",96
27.154.101.157,157.101.154.27.board.xm.fj.dynamic.163data.com.cn,"Microsoft Windows XP Professional SP2",95
27.154.120.241,241.120.154.27.board.xm.fj.dynamic.163data.com.cn,"Microsoft Windows 7 SP0 - SP1",94
27.154.136.50,50.136.154.27.board.xm.fj.dynamic.163data.com.cn,"Microsoft Windows 7 SP0 - SP1",95
27.154.136.174,174.136.154.27.board.xm.fj.dynamic.163data.com.cn,"OpenWrt (Linux 2.4.32)",98
27.154.138.32,32.138.154.27.board.xm.fj.dynamic.163data.com.cn,"Microsoft Windows Vista",96
27.154.139.20,20.139.154.27.board.xm.fj.dynamic.163data.com.cn,"Microsoft Windows Vista",96
27.154.181.224,224.181.154.27.board.xm.fj.dynamic.163data.com.cn,"OpenWrt (Linux 2.4.32)",94
27.154.184.54,54.184.154.27.board.xm.fj.dynamic.163data.com.cn,"Microsoft Windows 7 SP0 - SP1",96
27.154.185.122,122.185.154.27.board.xm.fj.dynamic.163data.com.cn,"Microsoft Windows Vista",96
27.154.186.78,78.186.154.27.board.xm.fj.dynamic.163data.com.cn,"Microsoft Windows 7 SP0 - SP1",96
27.154.186.160,160.186.154.27.board.xm.fj.dynamic.163data.com.cn,"Microsoft Windows 7 SP0 - SP1",96
27.154.186.230,230.186.154.27.board.xm.fj.dynamic.163data.com.cn,"Microsoft Windows Vista",96
27.154.187.77,77.187.154.27.board.xm.fj.dynamic.163data.com.cn,"Microsoft Windows 7",95
27.154.188.49,49.188.154.27.board.xm.fj.dynamic.163data.com.cn,"OpenWrt (Linux 2.4.32)",94
27.155.29.91,,"OpenWrt (Linux 2.4.32)",94
27.155.57.215,,"Linux 2.4.33 (embedded)",96
27.184.112.83,,"Linux 2.4.33 (embedded)",99
27.186.25.244,,"Linux 2.4.33 (embedded)",95
27.186.34.74,,"Linux 2.4.33 (embedded)",96
27.187.141.189,,"Microsoft Windows XP SP2 - SP3",95
27.188.161.163,,"Microsoft Windows XP SP3",96
27.188.231.106,,"Microsoft Windows Server 2003 SP2",92
27.189.0.54,,"Linux 2.4.33 (embedded)",96
27.189.8.138,,"Linux 2.4.33 (embedded)",98
27.190.122.197,,"Microsoft Windows XP SP3",96
27.190.147.22,,"Linux 2.4.33 (embedded)",96
27.190.197.24,,"Microsoft Windows 2000 or Windows Server 2003 SP1",95
27.191.12.189,,"Linux 2.4.33 (embedded)",96
27.191.60.155,,"Android 4.0.4 (Linux 2.6)",93
27.191.66.95,,"Microsoft Windows XP SP3",99
27.191.113.86,,"Linux 2.4.33 (embedded)",96
27.191.189.11,,"H3C E126A or S3100-8T-SI switch (Comware 3.10)",98
27.197.90.99,,"Linksys WRV54G WAP",95
27.197.96.92,,"Avocent DSR1021 KVM switch",95
27.202.36.145,,"Linux 2.4.33 (embedded)",93
27.206.44.166,,"Microsoft Windows XP SP3",94
27.224.52.46,,"Linux 2.4.33 (embedded)",96
31.3.96.7,vps7652.xlshosting.net,"Linux 2.6.17 - 2.6.36",96
31.3.251.80,h31-3-251-80.host.redstation.co.uk,"Microsoft Windows Server 2003 SP1 or SP2",96
31.6.64.15,hosted-by.slaskdatacenter.pl,"Linux 2.6.32 - 3.9",96
31.6.67.173,,"Linux 2.6.32 - 3.9",96
31.6.122.74,31-6-122-74.mytrinity.com.ua,"Microsoft Windows XP SP2 or SP3",96
31.10.1.33,ip-client.smart-com.ru,"FreeBSD 6.2-STABLE - 6.4-STABLE",96
31.11.73.51,ctel-31-11-73-51.cabletel.com.mk,"Comtrend CT536 wireless ADSL router",95
31.11.83.41,ctel-31-11-83-41.cabletel.com.mk,"OpenWrt White Russian 0.9 (Linux 2.4.30)",99
31.13.211.130,31-13-211-130.ip.ggn.bg,"Linux 2.6.32 - 3.9",96
31.13.216.118,,"Linux 2.6.32 - 3.2",95
31.14.203.123,,"Linux 2.4.9 - 2.4.18 (likely embedded)",98
31.22.105.141,,"Linux 2.6.18 (CentOS 5.4)",99
31.23.217.179,,"Microsoft Windows Vista SP2",97
31.25.96.251,hosted.by.pcextreme,"Linux 2.6.32 - 3.2",95
31.28.1.229,,"Juniper SRX100 firewall",96
31.28.1.237,,"Juniper M7i router",95
31.28.161.144,mail.volodimir.com.ua,"Linux 2.6.9-22.0.1.EL (CentOS 4.4)",97
31.28.227.249,249-227-28-31.host.sevstar.net,"Microsoft Windows XP Professional SP2",96
31.28.241.94,94-241-28-31.host.sevstar.net,"Microsoft Windows XP Professional SP2",96
31.28.253.104,104-253-28-31.host.sevstar.net,"Microsoft Windows XP SP2",96
31.31.197.176,,"Linux 2.6.18.5 (Ubuntu, x86)",97
31.31.200.73,,"Linux 2.6.18.5 (Ubuntu, x86)",96
31.40.118.83,U83-R6.dynamic.miass.multinex.ru,"Microsoft Windows 2000 SP4 or Windows XP Professional SP1",83
31.40.196.144,host-196-144.cdma.ua,"Microsoft Windows Small Business Server 2003 SP1",83
31.40.198.49,host-198-49.cdma.ua,"Cisco Unified Communications Manager VoIP adapter",91
31.40.199.43,host-199-43.cdma.ua,"Microsoft Windows Server 2008 SP1",88
31.40.202.51,host-202-51.cdma.ua,"Microsoft Windows Small Business Server 2003 SP1",94
31.41.81.45,45.81.41.31.ip4.feromedia.eu,"Linux 2.6.22 - 2.6.36",92
31.41.81.63,63.81.41.31.ip4.feromedia.eu,"HP P2000 G3 NAS device",97
31.41.84.145,145.84.41.31.ip4.feromedia.eu,"HP P2000 G3 NAS device",95
31.41.85.254,254.85.41.31.ip4.feromedia.eu,"HP P2000 G3 NAS device",94
31.41.87.60,60.87.41.31.ip4.feromedia.eu,"Asus RT-AC66U router (Linux 2.6)",94
31.41.87.78,78.87.41.31.ip4.feromedia.eu,"MikroTik RouterOS 3.17",95
31.41.195.132,host-31-41-195-132.nsplus.ru,"Microsoft Windows 2000 SP2 - SP4, Windows XP SP2 - SP3, or Windows Server 2003 SP0 - SP2",95
31.42.72.252,252-72-42-31-customer.ukrsat.mk.ua,"Microsoft Windows XP SP2 or SP3",96
31.42.126.65,,"D-Link DGS-3610 switch",97
31.42.193.66,,"Microsoft Windows XP SP2 or Windows Server 2003 SP2",96
31.44.130.237,,"Thecus 4200 or N5500 NAS device (Linux 2.6.33)",80
31.44.131.242,,"Netgear DG834G WAP or Western Digital WD TV media player",88
31.44.131.243,,"Linux 2.4.21 - 2.4.25 (embedded)",89
31.44.132.1,,"Thecus 4200 or N5500 NAS device (Linux 2.6.33)",86
31.44.132.230,,"D-Link DIR-615, Encore 3G, or EnGenius ESR-9752 WAP",89
31.44.133.56,,"Netgear DG834G WAP or Western Digital WD TV media player",92
31.44.133.86,,"Thecus 4200 or N5500 NAS device (Linux 2.6.33)",87
31.44.133.93,,"Netgear DG834G WAP or Western Digital WD TV media player",92
31.44.134.24,,"Thecus 4200 or N5500 NAS device (Linux 2.6.33)",85
31.44.134.70,,"Linux 2.4.26 (Slackware 10.0.0)",88
31.44.134.148,,"D-Link DIR-615, Encore 3G, or EnGenius ESR-9752 WAP",89
31.44.135.16,,"Thecus 4200 or N5500 NAS device (Linux 2.6.33)",86
31.44.136.1,,"Thecus 4200 or N5500 NAS device (Linux 2.6.33)",87
31.44.137.49,,"Redback Networks SmartEdge 600 router (SmartEdge OS)",86
31.44.137.175,,"Thecus 4200 or N5500 NAS device (Linux 2.6.33)",86
31.44.138.15,,"Thecus 4200 or N5500 NAS device (Linux 2.6.33)",90
31.44.138.44,,"Thecus 4200 or N5500 NAS device (Linux 2.6.33)",90
31.44.138.225,,"Thecus 4200 or N5500 NAS device (Linux 2.6.33)",86
31.44.140.43,,"Redback Networks SmartEdge 600 router (SmartEdge OS)",86
31.44.140.54,,"OpenWrt Kamikaze 7.09 (Linux 2.6.17 - 2.6.32)",92
31.44.140.144,,"Thecus 4200 or N5500 NAS device (Linux 2.6.33)",86
31.44.141.50,,"OpenWrt White Russian 0.9 (Linux 2.4.30)",85
31.44.142.44,,"Netgear DG834G WAP or Western Digital WD TV media player",88
31.44.142.102,,"Netgear DG834G WAP or Western Digital WD TV media player",92
31.44.142.148,,"Thecus 4200 or N5500 NAS device (Linux 2.6.33)",86
31.44.142.209,,"OpenWrt Kamikaze 8.09 (Linux 2.6.25 - 2.6.26)",89
31.44.142.234,,"Thecus 4200 or N5500 NAS device (Linux 2.6.33)",86
31.44.143.91,,"Thecus 4200 or N5500 NAS device (Linux 2.6.33)",86
31.44.143.171,,"Thecus 4200 or N5500 NAS device (Linux 2.6.33)",86
31.47.172.221,,"Netgear DG834G WAP or Western Digital WD TV media player",96
31.47.196.84,ip-31-47-196-84.gnc.net,"Microsoft Windows XP SP2 or SP3, or Windows Embedded Standard 2009",96
31.47.244.9,v629-5.ae0.cr01.ham1.de.mediawebline.net,"Juniper Networks J2320 or MX5-T router; or EX2200, EX3200, EX4200, or EX8200 switch (JUNOS 8.5 - 11.2)",97
31.63.214.246,public136950.xdsl.centertel.pl,"Microsoft Windows Server 2008 SP1",96
31.128.73.238,,"Microsoft Windows Server 2008",95
31.130.13.95,,"Microsoft Windows Vista SP1",98
31.130.84.204,,"Microsoft Windows XP Professional SP2",96
31.130.90.190,,"Microsoft Windows XP Professional SP2",96
31.131.192.208,,"Microsoft Windows XP SP2",96
31.131.194.227,,"Microsoft Windows Vista SP1",95
31.131.208.111,,"Microsoft Windows 7 Professional SP1",99
31.134.1.78,,"Linux 2.6.26",99
31.134.9.70,,"Linux 2.6.26",99
31.134.13.113,,"Linux 2.6.26",99
31.134.15.214,,"Linux 2.6.26",99
31.134.225.72,,"Microsoft Windows XP",96
31.134.226.105,,"Microsoft Windows XP SP2 or Windows Server 2003 SP2",95
31.134.232.194,,"Microsoft Windows XP SP2 or SP3",95
31.134.233.238,,"Microsoft Windows Server 2008 SP1",96
31.135.136.193,,"Linux 2.6.14 - 2.6.30",91
31.135.140.72,,"Linux 2.4.33 (embedded)",95
31.135.233.43,,"Microsoft Windows XP SP2 or Windows Server 2003 SP2",96
31.146.78.150,,"ADSL router: Huawei MT800u-T; or ZyXEL Prestige 623ME-T1, 643, 662HW-61, 782, or 2602R-61",96
31.146.172.50,,"Linux 2.6.24 (Ubuntu 8.04)",98
31.146.177.114,,"Cisco Aironet 1140 or 1262 WAP, or IAD 2430 router (IOS 12.4)",99
31.162.11.142,,"Microsoft Windows XP SP3",99
31.162.80.20,,"Microsoft Windows XP SP3",96
31.169.68.18,mail.bmssoft.com,"Microsoft Windows Vista SP1 - SP2 or Windows 7",99
31.169.77.100,ip100.subnet77.netfactor.net.tr,"Microsoft Windows 7",89
31.169.84.87,ip87.subnet84.netfactor.net.tr,"Microsoft Windows XP SP2 or Windows Server 2003 SP1 or SP2",97
31.171.208.151,,"Linux 2.6.32",91
31.171.244.98,pri.emphas.is,"Linux 2.6.38 - 3.5",96
31.173.244.174,,"PheeNet WAP-854GP WAP",94
31.173.249.151,,"Linux 2.6.18 - 2.6.32",94
31.173.250.254,,"Linux 2.6.18 - 2.6.32",96
31.181.70.18,,"Microsoft Windows Vista SP2",96
31.181.121.98,,"Microsoft Windows Vista",96
31.181.154.1,31.181.154.1.kes.ru,"OpenWrt (Linux 2.4.32)",94
31.181.159.41,,"ADSL router: Huawei MT800u-T; or ZyXEL Prestige 623ME-T1, 643, 662HW-61, 782, or 2602R-61",92
31.186.5.71,mail.interaktifis.com,"Linux 2.6.17 - 2.6.36",96
31.186.161.162,162.sub161.ddfr.nl,"Extreme Networks x250e or x350 switch (ExtremeXOS 12.0.1 - 12.0.3)",95
31.192.131.92,ppp31-192-131-92.tis-dialog.ru,"Microsoft Windows Vista",96
31.193.5.11,,"Linux 2.6.24",97
31.193.5.86,,"Linksys WRV54G WAP",96
31.193.139.129,31-193-139-129.static.as29550.net,"Extreme Networks Summit X450e switch (ExtremeXOS 15.3)",99
31.200.18.193,,"Apple Time Capsule NAS device",95
31.200.28.190,,"Linux 2.6.14 (ASPLinux 11)",95
31.202.20.153,31-202-20-153-kh.maxnet.ua,"Microsoft Windows XP SP2 or Windows Server 2003 SP2",99
31.210.104.246,smtp246.ffado.com,"FreeBSD 7.0-RELEASE-p1 - 10.0-CURRENT",97
31.210.124.65,31-210-124-65.turkrdns.com,"Redback Networks SmartEdge 600 router (SmartEdge OS)",95
31.210.157.188,host-31-210-157-188.routergate.com,"Asus RT-N10 router or AXIS 211A Network Camera (Linux 2.6)",99
31.210.168.156,pppoe-168.ru-gigabit.net,"Microsoft Windows XP SP2 or SP3",96
31.214.135.134,capetown.scopebuyer.com,"Linux 2.6.32 - 3.2",95
31.214.142.216,bakerys.briskdonor.com,"Linux 2.6.32 - 3.2",95
31.214.142.238,waterbed.setgiveaway.com,"Linux 2.6.32 - 3.2",95
31.214.143.146,twilium.softroozz.com,"Netgear DG834G WAP or Western Digital WD TV media player",96
31.214.150.102,,"Linux 2.6.20-1 (Fedora Core 5)",98
31.214.155.200,,"OpenWrt White Russian 0.9 (Linux 2.4.30)",97
31.214.184.51,,"Linux 2.6.18",95
31.214.184.122,,"Linux 2.6.20-1 (Fedora Core 5)",98
31.214.184.245,,"Linux 2.6.18 - 2.6.32",95
31.214.185.217,,"Linux 2.6.18 - 2.6.32",96
31.214.217.172,,"OpenWrt (Linux 2.4.32)",98
31.214.219.139,out1.loancashdeal.com,"Linux 2.6.24",97
31.214.240.194,,"OpenWrt White Russian 0.9 (Linux 2.4.30)",97
31.214.241.235,,"OpenWrt Kamikaze 7.09 (Linux 2.6.22)",98
31.214.255.1,cr1.ofb1.de.dnmn.net,"Juniper Networks J2320 or MX5-T router; or EX2200, EX3200, EX4200, or EX8200 switch (JUNOS 8.5 - 11.2)",97
31.222.74.26,,"F5 BIG-IP load balancer",88
31.222.79.26,,"F5 BIG-IP load balancer",91
31.223.52.86,,"Linux 2.6.14 - 2.6.30",97
31.223.97.54,,"ADSL router: Huawei MT800u-T; or ZyXEL Prestige 623ME-T1, 643, 662HW-61, 782, or 2602R-61",96
31.223.167.233,static.ip-031-223-167-233.signet.nl,"Linux 2.6.9 - 2.6.30",96
32.114.25.132,,"Linux 2.6.18 - 2.6.31",93
32.234.42.1,,"Linux 2.4.32 (x86)",97
36.4.0.138,,"Microsoft Windows Mobile 5.0 - 6.1 or Zune audio player (firmware 2.2)",95
36.4.4.221,,"Microsoft Windows XP SP3",94
36.4.23.159,,"Linux 2.6.32 - 2.6.39",97
36.4.29.144,,"Microsoft Windows XP SP3",94
36.4.35.53,,"Datalogic Kyman barcode scanner (Windows CE 5.0)",96
36.4.48.213,,"Datalogic Kyman barcode scanner (Windows CE 5.0)",96
36.4.65.183,,"Microsoft Windows 7 SP0 - SP1",96
36.4.71.210,,"Microsoft Windows Mobile 5.0 - 6.1 or Zune audio player (firmware 2.2)",93
36.4.76.198,,"Linux 2.6.32 - 2.6.39",95
36.4.79.193,,"Microsoft Windows Mobile 5.0 - 6.1 or Zune audio player (firmware 2.2)",94
36.4.85.91,,"Microsoft Windows Mobile 5.0 - 6.1 or Zune audio player (firmware 2.2)",95
36.4.93.175,,"Microsoft Windows Mobile 5.0 - 6.1 or Zune audio player (firmware 2.2)",94
36.4.105.58,,"DD-WRT v23 - v24-sp2 (Linux 2.4.20 - 2.4.37)",99
36.4.114.43,,"Gemtek P360 WAP or Siemens Gigaset SE515dsl wireless broadband router",94
36.4.130.201,,"Microsoft Windows XP SP2",93
36.4.150.34,,"Microsoft Windows XP SP2",93
36.4.181.74,,"Datalogic Kyman barcode scanner (Windows CE 5.0)",96
36.4.183.54,,"Microsoft Windows Vista",96
36.4.186.196,,"Linksys WRV54G WAP",94
36.4.217.55,,"Linux 2.6.32 - 2.6.39",99
36.5.1.119,,"Microsoft Windows Mobile 5.0 - 6.1 or Zune audio player (firmware 2.2)",94
36.5.3.113,,"Linux 2.6.32 - 2.6.39",97
36.5.16.54,,"Linksys WRV54G WAP",95
36.5.27.217,,"Comtrend CT536 wireless ADSL router",94
36.5.30.132,,"Microsoft Windows XP SP2",96
36.5.34.233,,"Comtrend CT536 wireless ADSL router",95
36.5.41.181,,"Microsoft Windows Mobile 5.0 - 6.1 or Zune audio player (firmware 2.2)",94
36.5.71.213,,"Microsoft Windows Mobile 5.0 - 6.1 or Zune audio player (firmware 2.2)",94
36.5.77.16,,"Linksys WRV54G WAP",95
36.5.96.88,,"Datalogic Kyman barcode scanner (Windows CE 5.0)",96
36.5.107.204,,"Microsoft Windows XP Professional SP2",93
36.5.128.130,,"Comtrend CT536 wireless ADSL router",95
36.5.161.210,,"Gemtek P360 WAP or Siemens Gigaset SE515dsl wireless broadband router",94
36.5.190.75,,"Microsoft Windows 7 SP0 - SP1",96
36.5.201.41,,"Microsoft Windows 7 SP0 - SP1",96
36.5.205.82,,"Microsoft Windows Vista",93
36.5.208.165,,"Microsoft Windows 7 SP0 - SP1",93
36.5.210.225,,"Microsoft Windows XP SP3",94
36.5.226.28,,"Comtrend CT536 wireless ADSL router",95
36.5.235.98,,"Microsoft Windows Mobile 5.0 - 6.1 or Zune audio player (firmware 2.2)",95
36.6.45.7,,"Microsoft Windows Vista SP2 or Windows 7 Ultimate SP0 - SP1",95
36.6.144.252,,"Microsoft Windows XP SP3",96
36.6.156.164,,"Microsoft Windows Vista",96
36.6.159.120,,"Microsoft Windows XP SP3",95
36.6.193.62,,"Microsoft Windows 7 SP0 - SP1",96
36.16.3.203,,"Linksys WRV54G WAP",95
36.16.4.240,,"Microsoft Windows Vista",96
36.16.11.100,,"OpenWrt White Russian 0.9 (Linux 2.4.30)",95
36.16.20.22,,"Linksys WRV54G WAP",96
36.16.23.63,,"Android 4.0.3 - 4.0.4 (Linux 3.0)",93
36.16.24.188,,"Linksys WRV54G WAP",95
36.16.29.168,,"Linksys WRV54G WAP",94
36.16.30.3,,"Linksys WRV54G WAP",95
36.16.31.55,,"OpenWrt (Linux 2.4.32)",94
36.16.32.222,,"OpenWrt (Linux 2.4.32)",94
36.16.35.253,,"Microsoft Windows 7 SP0 - SP1",96
36.16.36.53,,"Microsoft Windows XP SP2 - SP3",96
36.16.40.41,,"Microsoft Windows 7 SP0 - SP1",96
36.16.40.62,,"Linksys WRV54G WAP",95
36.16.46.64,,"Microsoft Windows Vista",93
36.16.48.124,,"Linksys WRV54G WAP",95
36.16.57.22,,"Microsoft Windows Vista",93
36.16.58.20,,"Linksys WRV54G WAP",95
36.16.66.1,,"Microsoft Windows Vista",96
36.16.73.47,,"Microsoft Windows Vista",96
36.16.80.251,,"Linksys WRV54G WAP",96
36.16.81.19,,"OpenWrt White Russian 0.9 (Linux 2.4.30)",95
36.16.81.164,,"Linksys WRV54G WAP",95
36.16.85.47,,"Linksys WRV54G WAP",95
36.16.86.47,,"OpenWrt (Linux 2.4.32)",94
36.16.86.153,,"Asus RT-AC66U router (Linux 2.6)",94
36.16.87.186,,"OpenWrt (Linux 2.4.32)",94
36.16.88.180,,"Linksys WRV54G WAP",95
36.16.93.251,,"Linksys WRV54G WAP",95
36.16.96.78,,"Linksys WRV54G WAP",95
36.16.98.52,,"Linksys WRV54G WAP",96
36.16.101.194,,"Microsoft Windows 7 SP0 - SP1",96
36.16.102.41,,"Gemtek P360 WAP or Siemens Gigaset SE515dsl wireless broadband router",95
36.16.102.50,,"Linksys WRV54G WAP",95
36.16.103.215,,"Linksys WRV54G WAP",95
36.16.107.150,,"Microsoft Windows Vista",93
36.16.108.196,,"Microsoft Windows Vista",96
36.16.109.211,,"Linksys WRV54G WAP",95
36.16.109.237,,"Linksys WRV54G WAP",95
36.16.110.177,,"Linksys WRV54G WAP",95
36.16.110.246,,"Linksys WRV54G WAP",95
36.16.115.214,,"Gemtek P360 WAP or Siemens Gigaset SE515dsl wireless broadband router",94
36.16.119.68,,"Microsoft Windows XP SP2 - SP3",92
36.16.121.106,,"Linksys WRV54G WAP",96
36.16.122.153,,"Microsoft Windows Server 2008 R2",80
36.16.124.162,,"Linksys WRV54G WAP",96
36.16.125.145,,"Linksys WRV54G WAP",95
36.16.129.125,,"Linksys WRV54G WAP",95
36.16.136.216,,"Microsoft Windows 7 SP0 - SP1",96
36.16.142.26,,"Linksys WRV54G WAP",96
36.16.146.119,,"Microsoft Windows XP SP2 - SP3",96
36.16.149.10,,"Microsoft Windows XP SP3",93
36.16.149.161,,"Linksys WRV54G WAP",94
36.16.171.68,,"Linksys WRV54G WAP",94
36.16.174.96,,"OpenWrt (Linux 2.4.32)",94
36.16.177.107,,"Linksys WRV54G WAP",93
36.16.183.207,,"Linksys WRV54G WAP",96
36.16.185.143,,"Linksys WRV54G WAP",95
36.16.194.82,,"Linksys WRV54G WAP",95
36.16.195.58,,"Linksys WRV54G WAP",95
36.16.202.106,,"Microsoft Windows XP SP3",89
36.16.205.80,,"Linksys WRV54G WAP",95
36.16.206.249,,"Linksys WRV54G WAP",95
36.16.217.227,,"Microsoft Windows XP SP2",96
36.16.219.62,,"OpenWrt (Linux 2.4.32)",97
36.16.220.50,,"Linksys WRV54G WAP",95
36.16.222.118,,"Microsoft Windows 7 SP0 - SP1",96
36.16.228.127,,"Linksys WRV54G WAP",95
36.16.233.93,,"Microsoft Windows XP SP3",92
36.16.234.156,,"Linksys WRV54G WAP",97
36.16.237.13,,"Linksys WRV54G WAP",96
36.16.242.56,,"Linksys WRV54G WAP",96
36.16.245.50,,"Linksys RV042 router",94
36.16.246.123,,"Linksys WRV54G WAP",95
36.17.9.152,,"Linksys WRV54G WAP",94
36.17.18.252,,"Microsoft Windows Server 2008 SP1",96
36.17.22.121,,"Linksys WRV54G WAP",95
36.17.36.59,,"Android 4.0.3 - 4.0.4 (Linux 3.0)",95
36.17.58.102,,"Linksys WRV54G WAP",95
36.17.59.214,,"Linksys WRV54G WAP",97
36.17.65.215,,"Linksys WRV54G WAP",96
36.17.71.120,,"Linux 2.4.33",95
36.17.93.2,,"Microsoft Windows 7 SP0 - SP1",93
36.17.108.66,,"Microsoft Windows Server 2003 SP2",90
36.17.113.56,,"Linksys WRV54G WAP",95
36.17.114.190,,"Linksys WRV54G WAP",95
36.17.119.179,,"Linksys WRV54G WAP",95
36.17.121.134,,"Microsoft Windows XP SP3",94
36.17.122.146,,"Linksys WRV54G WAP",93
36.17.130.114,,"OpenWrt (Linux 2.4.32)",94
36.17.130.171,,"Linksys WRV54G WAP",95
36.17.131.69,,"Microsoft Windows XP Home Edition SP3",95
36.17.135.108,,"OpenWrt (Linux 2.4.32)",94
36.17.137.94,,"Microsoft Windows Vista",93
36.17.138.11,,"Linksys WRV54G WAP",95
36.17.145.85,,"Microsoft Windows Vista",96
36.17.149.112,,"Linksys WRV54G WAP",97
36.17.149.140,,"Linksys WRV54G WAP",94
36.17.156.98,,"Linksys WRV54G WAP",95
36.17.162.160,,"Linksys WRV54G WAP",96
36.17.170.187,,"Linksys WRV54G WAP",96
36.17.172.205,,"Microsoft Windows 7 SP0 - SP1",96
36.17.173.139,,"Microsoft Windows Vista",93
36.17.174.20,,"Linksys WRV54G WAP",96
36.17.175.163,,"DD-WRT v23 - v24-sp2 (Linux 2.4.20 - 2.4.37)",97
36.17.187.192,,"Linksys WRV54G WAP",95
36.17.189.222,,"Microsoft Windows XP Professional SP2 or SP3",94
36.17.199.5,,"Linux 2.6.32 - 2.6.39",97
36.17.207.171,,"Linksys WRV54G WAP",96
36.17.212.27,,"Microsoft Windows 7 SP0 - SP1",93
36.17.220.92,,"Linksys WRV54G WAP",94
36.17.221.103,,"Linksys WRV54G WAP",94
36.17.230.99,,"Linksys WRV54G WAP",96
36.17.235.54,,"Linksys WRV54G WAP",94
36.17.238.33,,"Linksys WRV54G WAP",93
36.17.250.95,,"Linksys WRV54G WAP",95
36.19.10.241,,"Microsoft Windows XP Home Edition SP3",92
36.19.19.121,,"OpenWrt White Russian 0.9 (Linux 2.4.30)",95
36.19.23.194,,"Linksys WRV54G WAP",96
36.19.46.44,,"Linksys WRV54G WAP",94
36.19.48.244,,"Linux 2.6.32 - 2.6.39",97
36.19.50.248,,"OpenWrt (Linux 2.4.32)",94
36.19.52.122,,"Linksys WRV54G WAP",95
36.19.52.217,,"OpenWrt (Linux 2.4.32)",94
36.19.59.195,,"Linksys WRV54G WAP",93
36.19.63.16,,"Microsoft Windows 7 SP0 - SP1",96
36.19.72.242,,"OpenWrt White Russian 0.9 (Linux 2.4.30)",95
36.19.76.237,,"OpenWrt White Russian 0.9 (Linux 2.4.30)",92
36.19.77.117,,"OpenWrt (Linux 2.4.32)",94
36.19.85.179,,"Linksys WRV54G WAP",94
36.19.85.201,,"Linksys WRV54G WAP",95
36.19.86.84,,"OpenWrt (Linux 2.4.32)",94
36.19.87.83,,"Microsoft Windows XP SP2",92
36.19.92.9,,"Microsoft Windows XP SP0",96
36.19.94.55,,"Linksys WRV54G WAP",95
36.19.100.149,,"Linksys WRV54G WAP",95
36.19.102.101,,"OpenWrt (Linux 2.4.32)",97
36.19.104.88,,"Linux 2.6.32 - 2.6.39",97
36.19.106.17,,"Microsoft Windows XP Home Edition SP3",92
36.19.111.163,,"Linksys WRV54G WAP",95
36.19.114.229,,"Linksys WRV54G WAP",95
36.19.119.38,,"Linksys WRV54G WAP",95
36.19.119.202,,"Linksys WRV54G WAP",95
36.19.120.152,,"Microsoft Windows 7 SP0 - SP1",93
36.19.124.127,,"Linksys WRV54G WAP",95
36.19.127.90,,"Linksys WRV54G WAP",96
36.32.11.149,,"Microsoft Windows XP SP3",96
36.38.118.95,,"Linux 2.4.9 - 2.4.18 (likely embedded)",97
36.38.125.120,,"Linux 2.4.20",99
36.39.188.136,,"Linux 2.6.14 - 2.6.30",94
36.40.21.90,,"Linux 2.4.33 (embedded)",99
36.40.77.153,,"Linux 2.4.33 (embedded)",96
36.40.153.140,,"Linux 2.4.33 (embedded)",96
36.40.159.149,,"Linux 2.4.33 (embedded)",95
36.52.64.3,3.64.52.36.ap.yournet.ne.jp,"Gemtek P360 WAP or Siemens Gigaset SE515dsl wireless broadband router",95
36.224.78.26,36-224-78-26.dynamic-ip.hinet.net,"Microsoft Windows XP SP2 or SP3",96
36.224.105.198,36-224-105-198.dynamic-ip.hinet.net,"Comtrend CT536 wireless ADSL router",94
36.224.118.195,36-224-118-195.dynamic-ip.hinet.net,"Microsoft Windows XP SP3",95
36.227.1.191,36-227-1-191.dynamic-ip.hinet.net,"Microsoft Windows 2000 SP2 - SP4, Windows XP SP2 - SP3, or Windows Server 2003 SP0 - SP2",92
36.228.80.92,36-228-80-92.dynamic-ip.hinet.net,"Microsoft Windows XP SP2 or SP3, or Windows Embedded Standard 2009",96
36.228.86.193,36-228-86-193.dynamic-ip.hinet.net,"Microsoft Windows XP SP2 or SP3",95
36.228.89.62,36-228-89-62.dynamic-ip.hinet.net,"Microsoft Windows XP SP2 or SP3",96
36.234.145.160,36-234-145-160.dynamic-ip.hinet.net,"Microsoft Windows XP SP2 or SP3",96
36.234.146.26,36-234-146-26.dynamic-ip.hinet.net,"Microsoft Windows XP SP2",92
36.234.147.41,36-234-147-41.dynamic-ip.hinet.net,"Microsoft Windows XP SP2 or SP3",96
36.238.103.38,36-238-103-38.dynamic-ip.hinet.net,"Linux 2.4.33 (embedded)",96
37.1.37.29,,"Microsoft Windows Server 2008 SP2",96
37.6.136.251,adsl-251.37.6.136.tellas.gr,"Android 2.0.1 (Linux 2.6)",93
37.10.0.1,,"Juniper JUNOS 9.2R1.10",94
37.10.0.3,,"Linux 2.6.32 - 2.6.35",95
37.10.0.4,,"Linux 2.6.32 - 2.6.35",95
37.10.0.8,,"Linux 2.6.32 - 2.6.35",95
37.10.0.9,,"Linux 2.6.32 - 2.6.35",95
37.10.0.11,,"Linux 2.6.32 - 2.6.35",95
37.10.0.14,,"Linux 2.6.32 - 2.6.35",95
37.10.0.15,,"Linux 2.6.32 - 2.6.35",95
37.10.0.16,,"Linux 2.6.32 - 2.6.35",95
37.10.0.17,,"Linux 2.6.32 - 2.6.35",95
37.10.0.18,,"Linux 2.6.32 - 2.6.35",95
37.10.0.19,,"Linux 2.6.32 - 2.6.35",95
37.10.0.23,,"Linux 2.6.32 - 2.6.35",95
37.10.0.24,,"Linux 2.6.32 - 2.6.35",95
37.10.0.26,,"Linux 2.6.32 - 2.6.35",95
37.10.0.31,,"Linux 2.6.32 - 2.6.35",95
37.10.0.32,,"Linux 2.6.32 - 2.6.35",95
37.10.0.35,,"Linux 2.6.32 - 2.6.35",95
37.10.0.45,,"Linux 2.6.32 - 2.6.35",95
37.10.0.46,,"Linux 2.6.32 - 2.6.35",95
37.10.0.51,,"Linux 2.6.32 - 2.6.35",95
37.10.0.52,,"Linux 2.6.32",91
37.10.0.53,,"Linux 2.6.32 - 2.6.35",95
37.10.0.55,,"Linux 2.6.32 - 2.6.35",95
37.10.0.57,,"Linux 2.6.32 - 2.6.35",95
37.10.0.59,,"Linux 2.6.32 - 2.6.35",95
37.10.0.62,,"Linux 2.6.32 - 2.6.35",95
37.10.0.64,,"Linux 2.6.32 - 2.6.35",95
37.10.0.65,,"Linux 2.6.32 - 2.6.35",95
37.10.0.66,,"Linux 2.6.32 - 2.6.35",95
37.10.0.67,,"Linux 2.6.32 - 2.6.35",95
37.10.0.68,,"Linux 2.6.32",93
37.10.0.69,,"Linux 2.6.32 - 2.6.35",95
37.10.0.70,,"Linux 2.6.32 - 2.6.35",95
37.10.0.71,,"Linux 2.6.32 - 2.6.35",95
37.10.0.72,,"Linux 2.6.32 - 2.6.35",95
37.10.0.73,,"Linux 2.6.32 - 2.6.35",95
37.10.0.77,,"Linux 2.6.32 - 2.6.35",95
37.10.0.81,,"Linux 2.6.32 - 2.6.35",95
37.10.0.83,,"Linux 2.6.32 - 2.6.35",95
37.10.0.84,,"Linux 2.6.32 - 2.6.35",95
37.10.0.85,,"Linux 2.6.32 - 2.6.35",95
37.10.0.89,,"Linux 2.6.32 - 2.6.35",95
37.10.0.91,,"Linux 2.6.32 - 2.6.35",95
37.10.0.102,,"OpenWrt 12.09-rc1 Attitude Adjustment (Linux 3.3 - 3.7)",93
37.10.0.104,,"Linux 2.6.32 - 2.6.35",95
37.10.0.105,,"Linux 2.6.32 - 2.6.35",95
37.10.0.106,,"Linux 2.6.32 - 2.6.35",95
37.10.0.109,,"Linux 2.6.32 - 2.6.35",95
37.10.0.110,,"Linux 2.6.32 - 2.6.35",95
37.10.0.113,,"Linux 2.6.32 - 2.6.35",95
37.10.0.115,,"Linux 2.6.32 - 2.6.35",95
37.10.0.119,,"Linux 2.6.32",91
37.10.0.120,,"Linux 2.6.32 - 2.6.35",95
37.10.0.124,,"Linux 2.6.32 - 2.6.35",95
37.10.0.125,,"Linux 2.6.32 - 2.6.35",95
37.10.0.127,,"Linux 2.6.32 - 2.6.35",95
37.10.0.129,,"Linux 2.6.32 - 2.6.35",95
37.10.0.131,,"Linux 2.6.32 - 2.6.35",95
37.10.0.132,,"Linux 2.6.32 - 2.6.35",95
37.10.0.133,,"Linux 2.6.26 - 2.6.35",93
37.10.0.134,,"Linux 2.6.32",93
37.10.0.136,,"Linux 2.6.32 - 2.6.35",95
37.10.0.137,,"Linux 2.6.32 - 2.6.35",95
37.10.0.138,,"Linux 2.6.32 - 2.6.35",95
37.10.0.139,,"Linux 2.6.32 - 2.6.35",95
37.10.0.145,,"Linux 2.6.32 - 2.6.35",95
37.10.0.147,,"Linux 2.6.32 - 2.6.35",95
37.10.0.150,,"Linux 2.6.32 - 2.6.35",95
37.10.0.153,,"Linux 2.6.32 - 2.6.35",95
37.10.0.155,,"Linux 2.6.32 - 2.6.35",95
37.10.0.157,,"Linux 2.6.32 - 2.6.35",95
37.10.0.158,,"Linux 2.6.32 - 2.6.35",99
37.10.0.160,,"Linux 2.6.32 - 2.6.35",95
37.10.0.162,,"Linux 2.6.32 - 2.6.35",95
37.10.0.164,,"Linux 2.6.32 - 2.6.35",95
37.10.0.167,,"Linux 2.6.32 - 2.6.35",95
37.10.0.170,,"Linux 2.6.32 - 2.6.35",95
37.10.0.178,,"Linux 2.6.32 - 2.6.35",95
37.10.0.179,,"Linux 2.6.32 - 2.6.35",95
37.10.0.182,,"Linux 2.6.32 - 2.6.35",95
37.10.0.184,,"Linux 2.6.32 - 2.6.35",95
37.10.0.187,,"Linux 2.6.32 - 2.6.35",95
37.10.0.191,,"Linux 2.6.32 - 2.6.35",95
37.10.0.192,,"Linux 2.6.32 - 2.6.35",95
37.10.0.193,,"Linux 2.6.32 - 2.6.35",95
37.10.0.196,,"Linux 2.6.32 - 2.6.35",95
37.10.0.198,,"Linux 2.6.32 - 2.6.35",95
37.10.0.203,,"Linux 2.6.32 - 2.6.35",95
37.10.0.206,,"Linux 2.6.32 - 2.6.35",95
37.10.0.210,,"Linux 2.6.32 - 2.6.35",95
37.10.0.211,,"Linux 2.6.32 - 2.6.35",95
37.10.0.213,,"Linux 2.6.32 - 2.6.35",95
37.10.0.214,,"Linux 2.6.32 - 2.6.35",95
37.10.0.218,,"Linux 2.6.32 - 2.6.35",95
37.10.0.223,,"Linux 2.6.32 - 2.6.35",95
37.10.0.225,,"Linux 2.6.32",93
37.10.0.230,,"Linux 2.6.32 - 2.6.35",95
37.10.0.236,,"Linux 2.6.32",93
37.10.0.242,,"Linux 2.6.32 - 2.6.35",95
37.10.0.245,,"Linux 2.6.32 - 2.6.35",95
37.10.2.11,,"Comtrend CT536 wireless ADSL router",89
37.10.2.12,,"Linksys WRV54G WAP",93
37.10.2.13,,"Linksys WRV54G WAP",93
37.10.2.14,,"Comtrend CT536 wireless ADSL router",89
37.10.2.15,,"Linksys WRV54G WAP",93
37.10.2.20,,"Comtrend CT536 wireless ADSL router",89
37.10.2.21,,"Linksys WRV54G WAP",93
37.10.2.25,,"Linksys WRV54G WAP",93
37.10.2.26,,"Linksys WRV54G WAP",93
37.10.2.29,,"Comtrend CT536 wireless ADSL router",89
37.10.2.30,,"Comtrend CT536 wireless ADSL router",89
37.10.2.31,,"Comtrend CT536 wireless ADSL router",89
37.10.2.32,,"Linksys WRV54G WAP",93
37.10.2.34,,"Comtrend CT536 wireless ADSL router",89
37.10.2.35,,"Comtrend CT536 wireless ADSL router",89
37.10.2.37,,"Comtrend CT536 wireless ADSL router",89
37.10.2.40,,"Linksys WRV54G WAP",93
37.10.2.44,,"Comtrend CT536 wireless ADSL router",89
37.10.2.46,,"Comtrend CT536 wireless ADSL router",89
37.10.2.50,,"Comtrend CT536 wireless ADSL router",89
37.10.2.51,,"Comtrend CT536 wireless ADSL router",89
37.10.2.53,,"Comtrend CT536 wireless ADSL router",89
37.10.2.56,,"Comtrend CT536 wireless ADSL router",89
37.10.2.60,,"Comtrend CT536 wireless ADSL router",89
37.10.2.62,,"Comtrend CT536 wireless ADSL router",89
37.10.2.63,,"Netgear DG834G WAP or Western Digital WD TV media player",96
37.10.2.65,,"Comtrend CT536 wireless ADSL router",89
37.10.2.66,,"Comtrend CT536 wireless ADSL router",89
37.10.2.73,,"Comtrend CT536 wireless ADSL router",89
37.10.2.74,,"Linksys WRV54G WAP",93
37.10.2.77,,"Comtrend CT536 wireless ADSL router",89
37.10.2.81,,"Linksys WRV54G WAP",93
37.10.2.82,,"Linksys WRV54G WAP",93
37.10.2.83,,"Comtrend CT536 wireless ADSL router",89
37.10.2.84,,"Linksys WRV54G WAP",93
37.10.2.85,,"Comtrend CT536 wireless ADSL router",89
37.10.2.86,,"Comtrend CT536 wireless ADSL router",89
37.10.2.87,,"Comtrend CT536 wireless ADSL router",89
37.10.2.88,,"Comtrend CT536 wireless ADSL router",89
37.10.2.89,,"Comtrend CT536 wireless ADSL router",89
37.10.2.90,,"Comtrend CT536 wireless ADSL router",89
37.10.2.99,,"Linksys WRV54G WAP",93
37.10.2.101,,"Comtrend CT536 wireless ADSL router",89
37.10.2.102,,"Comtrend CT536 wireless ADSL router",89
37.10.2.105,,"Linksys WRV54G WAP",93
37.10.2.106,,"Comtrend CT536 wireless ADSL router",89
37.10.2.107,,"Asus RT-AC66U router (Linux 2.6)",91
37.10.2.108,,"Comtrend CT536 wireless ADSL router",89
37.10.2.111,,"Linksys WRV54G WAP",93
37.10.2.112,,"Comtrend CT536 wireless ADSL router",89
37.10.2.115,,"Comtrend CT536 wireless ADSL router",89
37.10.2.116,,"Linksys WRV54G WAP",93
37.10.2.117,,"Comtrend CT536 wireless ADSL router",89
37.10.2.118,,"Comtrend CT536 wireless ADSL router",89
37.10.2.120,,"Comtrend CT536 wireless ADSL router",89
37.10.2.122,,"Linksys WRV54G WAP",93
37.10.2.123,,"Linux 2.6.5-7.283-smp (SuSE Enterprise Server 9, x86)",90
37.10.2.128,,"Comtrend CT536 wireless ADSL router",89
37.10.2.129,,"Comtrend CT536 wireless ADSL router",89
37.10.2.131,,"Linksys WRV54G WAP",93
37.10.2.132,,"Comtrend CT536 wireless ADSL router",89
37.10.2.135,,"Comtrend CT536 wireless ADSL router",89
37.10.2.136,,"Linksys WRV54G WAP",93
37.10.2.137,,"Linksys WRV54G WAP",93
37.10.2.140,,"Comtrend CT536 wireless ADSL router",89
37.10.2.141,,"Comtrend CT536 wireless ADSL router",89
37.10.2.143,,"Linksys WRV54G WAP",93
37.10.2.147,,"Comtrend CT536 wireless ADSL router",89
37.10.2.148,,"Comtrend CT536 wireless ADSL router",89
37.10.2.149,,"Comtrend CT536 wireless ADSL router",89
37.10.2.150,,"Comtrend CT536 wireless ADSL router",89
37.10.2.157,,"Comtrend CT536 wireless ADSL router",89
37.10.2.161,,"Comtrend CT536 wireless ADSL router",89
37.10.2.167,,"Linksys WRV54G WAP",93
37.10.2.169,,"Comtrend CT536 wireless ADSL router",89
37.10.2.171,,"Comtrend CT536 wireless ADSL router",89
37.10.2.173,,"Linux 2.6.5-7.283-smp (SuSE Enterprise Server 9, x86)",90
37.10.2.176,,"Comtrend CT536 wireless ADSL router",89
37.10.2.183,,"Comtrend CT536 wireless ADSL router",89
37.10.2.184,,"Linksys WRV54G WAP",93
37.10.2.185,,"Linksys WRV54G WAP",93
37.10.2.188,,"Linksys WRV54G WAP",93
37.10.2.190,,"Linux 2.6.5-7.283-smp (SuSE Enterprise Server 9, x86)",90
37.10.2.191,,"Linksys WRV54G WAP",93
37.10.2.193,,"Comtrend CT536 wireless ADSL router",89
37.10.2.194,,"Comtrend CT536 wireless ADSL router",89
37.10.2.195,,"Linksys WRV54G WAP",93
37.10.2.196,,"Comtrend CT536 wireless ADSL router",89
37.10.2.200,,"Comtrend CT536 wireless ADSL router",89
37.10.2.201,,"Comtrend CT536 wireless ADSL router",89
37.10.2.204,,"Comtrend CT536 wireless ADSL router",89
37.10.2.205,,"Comtrend CT536 wireless ADSL router",89
37.10.2.209,,"Linksys WRV54G WAP",93
37.10.2.211,,"Linksys WRV54G WAP",93
37.10.2.213,,"Comtrend CT536 wireless ADSL router",89
37.10.2.216,,"Comtrend CT536 wireless ADSL router",89
37.10.2.217,,"Linksys WRV54G WAP",93
37.10.2.219,,"Comtrend CT536 wireless ADSL router",89
37.10.2.222,,"Linksys WRV54G WAP",93
37.10.2.223,,"Comtrend CT536 wireless ADSL router",89
37.10.2.224,,"Linksys WRV54G WAP",93
37.10.2.225,,"Comtrend CT536 wireless ADSL router",89
37.10.2.227,,"Linux 2.6.5-7.283-smp (SuSE Enterprise Server 9, x86)",90
37.10.2.228,,"Comtrend CT536 wireless ADSL router",89
37.10.2.229,,"Linksys WRV54G WAP",93
37.10.2.230,,"Comtrend CT536 wireless ADSL router",89
37.10.2.232,,"Comtrend CT536 wireless ADSL router",89
37.10.2.233,,"Comtrend CT536 wireless ADSL router",89
37.10.2.235,,"Comtrend CT536 wireless ADSL router",89
37.10.2.236,,"Comtrend CT536 wireless ADSL router",89
37.10.2.237,,"Comtrend CT536 wireless ADSL router",89
37.10.2.240,,"Comtrend CT536 wireless ADSL router",89
37.10.2.242,,"Comtrend CT536 wireless ADSL router",89
37.10.2.243,,"Comtrend CT536 wireless ADSL router",89
37.10.2.244,,"Comtrend CT536 wireless ADSL router",89
37.10.2.245,,"Comtrend CT536 wireless ADSL router",89
37.10.2.248,,"Comtrend CT536 wireless ADSL router",89
37.10.2.251,,"Comtrend CT536 wireless ADSL router",89
37.10.2.252,,"Comtrend CT536 wireless ADSL router",89
37.10.3.11,,"Comtrend CT536 wireless ADSL router",89
37.10.3.12,,"Comtrend CT536 wireless ADSL router",89
37.10.3.20,,"Comtrend CT536 wireless ADSL router",89
37.10.3.24,,"Comtrend CT536 wireless ADSL router",89
37.10.3.28,,"Comtrend CT536 wireless ADSL router",89
37.10.3.29,,"Linksys WRV54G WAP",93
37.10.3.30,,"Comtrend CT536 wireless ADSL router",89
37.10.3.31,,"Comtrend CT536 wireless ADSL router",89
37.10.3.32,,"Linksys WRV54G WAP",93
37.10.3.34,,"Comtrend CT536 wireless ADSL router",89
37.10.3.35,,"Linksys WRV54G WAP",93
37.10.3.43,,"Comtrend CT536 wireless ADSL router",89
37.10.3.45,,"Linux 2.6.5-7.283-smp (SuSE Enterprise Server 9, x86)",90
37.10.3.46,,"Linksys WRV54G WAP",93
37.10.3.47,,"Comtrend CT536 wireless ADSL router",89
37.10.3.48,,"Comtrend CT536 wireless ADSL router",89
37.10.3.49,,"Comtrend CT536 wireless ADSL router",89
37.10.3.54,,"Linksys WRV54G WAP",93
37.10.3.55,,"Comtrend CT536 wireless ADSL router",89
37.10.3.57,,"Comtrend CT536 wireless ADSL router",89
37.10.3.60,,"Comtrend CT536 wireless ADSL router",89
37.10.3.61,,"Comtrend CT536 wireless ADSL router",89
37.10.3.63,,"Linksys WRV54G WAP",93
37.10.3.66,,"Comtrend CT536 wireless ADSL router",89
37.10.3.68,,"Linksys WRV54G WAP",93
37.10.3.72,,"Comtrend CT536 wireless ADSL router",89
37.10.3.73,,"Comtrend CT536 wireless ADSL router",89
37.10.3.78,,"Comtrend CT536 wireless ADSL router",89
37.10.3.79,,"Comtrend CT536 wireless ADSL router",89
37.10.3.82,,"Linksys WRV54G WAP",93
37.10.3.83,,"Linksys WRV54G WAP",93
37.10.3.84,,"Comtrend CT536 wireless ADSL router",89
37.10.3.88,,"Comtrend CT536 wireless ADSL router",89
37.10.3.90,,"Linux 2.6.5-7.283-smp (SuSE Enterprise Server 9, x86)",90
37.10.3.91,,"Comtrend CT536 wireless ADSL router",89
37.10.3.95,,"Comtrend CT536 wireless ADSL router",89
37.10.3.97,,"Linksys WRV54G WAP",93
37.10.3.98,,"Comtrend CT536 wireless ADSL router",89
37.10.3.100,,"Linksys WRV54G WAP",93
37.10.3.101,,"Comtrend CT536 wireless ADSL router",89
37.10.3.103,,"Comtrend CT536 wireless ADSL router",89
37.10.3.104,,"Comtrend CT536 wireless ADSL router",89
37.10.3.109,,"Comtrend CT536 wireless ADSL router",89
37.10.3.111,,"Linksys WRV54G WAP",93
37.10.3.112,,"Comtrend CT536 wireless ADSL router",89
37.10.3.113,,"Linksys WRV54G WAP",93
37.10.3.114,,"Linksys WRV54G WAP",93
37.10.3.115,,"Comtrend CT536 wireless ADSL router",89
37.10.3.116,,"Comtrend CT536 wireless ADSL router",89
37.10.3.120,,"Comtrend CT536 wireless ADSL router",89
37.10.3.121,,"Comtrend CT536 wireless ADSL router",89
37.10.3.124,,"Comtrend CT536 wireless ADSL router",89
37.10.3.126,,"Comtrend CT536 wireless ADSL router",89
37.10.3.127,,"Comtrend CT536 wireless ADSL router",89
37.10.3.133,,"Comtrend CT536 wireless ADSL router",89
37.10.3.137,,"Comtrend CT536 wireless ADSL router",89
37.10.3.138,,"Comtrend CT536 wireless ADSL router",89
37.10.3.140,,"Comtrend CT536 wireless ADSL router",89
37.10.3.142,,"Comtrend CT536 wireless ADSL router",89
37.10.3.143,,"Comtrend CT536 wireless ADSL router",89
37.10.3.145,,"Linksys WRV54G WAP",93
37.10.3.148,,"Linksys WRV54G WAP",93
37.10.3.151,,"Comtrend CT536 wireless ADSL router",89
37.10.3.154,,"Comtrend CT536 wireless ADSL router",89
37.10.3.155,,"Comtrend CT536 wireless ADSL router",89
37.10.3.156,,"Comtrend CT536 wireless ADSL router",89
37.10.3.157,,"Comtrend CT536 wireless ADSL router",89
37.10.3.162,,"Comtrend CT536 wireless ADSL router",89
37.10.3.165,,"Linksys WRV54G WAP",93
37.10.3.173,,"Comtrend CT536 wireless ADSL router",89
37.10.3.175,,"Linksys WRV54G WAP",93
37.10.3.176,,"Comtrend CT536 wireless ADSL router",89
37.10.3.182,,"Comtrend CT536 wireless ADSL router",89
37.10.3.183,,"Comtrend CT536 wireless ADSL router",89
37.10.3.185,,"Comtrend CT536 wireless ADSL router",89
37.10.3.186,,"Linksys WRV54G WAP",93
37.10.3.189,,"Comtrend CT536 wireless ADSL router",89
37.10.3.191,,"Comtrend CT536 wireless ADSL router",89
37.10.3.193,,"Linksys WRV54G WAP",93
37.10.3.194,,"Comtrend CT536 wireless ADSL router",89
37.10.3.195,,"Comtrend CT536 wireless ADSL router",89
37.10.3.196,,"Linux 2.6.5-7.283-smp (SuSE Enterprise Server 9, x86)",90
37.10.3.199,,"Comtrend CT536 wireless ADSL router",89
37.10.3.201,,"Linksys WRV54G WAP",94
37.10.3.202,,"Comtrend CT536 wireless ADSL router",89
37.10.3.205,,"Comtrend CT536 wireless ADSL router",89
37.10.3.210,,"Comtrend CT536 wireless ADSL router",89
37.10.3.211,,"Comtrend CT536 wireless ADSL router",89
37.10.3.212,,"Comtrend CT536 wireless ADSL router",89
37.10.3.214,,"Comtrend CT536 wireless ADSL router",89
37.10.3.215,,"Comtrend CT536 wireless ADSL router",89
37.10.3.219,,"Linksys WRV54G WAP",93
37.10.3.221,,"Linksys WRV54G WAP",93
37.10.3.223,,"Linux 2.6.5-7.283-smp (SuSE Enterprise Server 9, x86)",90
37.10.3.224,,"Comtrend CT536 wireless ADSL router",89
37.10.3.231,,"Linksys WRV54G WAP",93
37.10.3.232,,"Comtrend CT536 wireless ADSL router",89
37.10.3.233,,"Comtrend CT536 wireless ADSL router",89
37.10.3.236,,"Comtrend CT536 wireless ADSL router",89
37.10.3.238,,"Comtrend CT536 wireless ADSL router",89
37.10.3.239,,"Linksys WRV54G WAP",93
37.10.3.240,,"Comtrend CT536 wireless ADSL router",89
37.10.3.241,,"Linksys WRV54G WAP",93
37.10.3.246,,"Linksys WRV54G WAP",93
37.10.3.247,,"Comtrend CT536 wireless ADSL router",89
37.10.3.249,,"Comtrend CT536 wireless ADSL router",89
37.10.3.253,,"Comtrend CT536 wireless ADSL router",89
37.10.3.254,,"Comtrend CT536 wireless ADSL router",89
37.10.4.10,,"Comtrend CT536 wireless ADSL router",89
37.10.4.15,,"Linksys WRV54G WAP",93
37.10.4.16,,"Comtrend CT536 wireless ADSL router",89
37.10.4.19,,"Comtrend CT536 wireless ADSL router",89
37.10.4.21,,"Linksys WRV54G WAP",93
37.10.4.25,,"Comtrend CT536 wireless ADSL router",89
37.10.4.30,,"Comtrend CT536 wireless ADSL router",89
37.10.4.32,,"Comtrend CT536 wireless ADSL router",89
37.10.4.34,,"Comtrend CT536 wireless ADSL router",89
37.10.4.35,,"Comtrend CT536 wireless ADSL router",89
37.10.4.36,,"Linksys WRV54G WAP",93
37.10.4.37,,"Comtrend CT536 wireless ADSL router",89
37.10.4.39,,"Comtrend CT536 wireless ADSL router",89
37.10.4.48,,"Linux 2.6.5-7.283-smp (SuSE Enterprise Server 9, x86)",90
37.10.4.49,,"Comtrend CT536 wireless ADSL router",89
37.10.4.59,,"Linksys WRV54G WAP",93
37.10.4.62,,"Comtrend CT536 wireless ADSL router",89
37.10.4.64,,"Linksys WRV54G WAP",93
37.10.4.66,,"Comtrend CT536 wireless ADSL router",89
37.10.4.67,,"Comtrend CT536 wireless ADSL router",89
37.10.4.70,,"Comtrend CT536 wireless ADSL router",89
37.10.4.72,,"Comtrend CT536 wireless ADSL router",89
37.10.4.76,,"Comtrend CT536 wireless ADSL router",89
37.10.4.77,,"Comtrend CT536 wireless ADSL router",89
37.10.4.80,,"Comtrend CT536 wireless ADSL router",89
37.10.4.82,,"Comtrend CT536 wireless ADSL router",89
37.10.4.84,,"Comtrend CT536 wireless ADSL router",89
37.10.4.86,,"Linksys WRV54G WAP",93
37.10.4.87,,"Comtrend CT536 wireless ADSL router",89
37.10.4.88,,"Linksys WRV54G WAP",93
37.10.4.89,,"Comtrend CT536 wireless ADSL router",89
37.10.4.90,,"Linux 2.6.5-7.283-smp (SuSE Enterprise Server 9, x86)",90
37.10.4.91,,"Comtrend CT536 wireless ADSL router",89
37.10.4.93,,"Comtrend CT536 wireless ADSL router",89
37.10.4.95,,"Comtrend CT536 wireless ADSL router",89
37.10.4.107,,"Comtrend CT536 wireless ADSL router",89
37.10.4.111,,"Comtrend CT536 wireless ADSL router",89
37.10.4.113,,"Comtrend CT536 wireless ADSL router",89
37.10.4.114,,"Comtrend CT536 wireless ADSL router",89
37.10.4.118,,"Comtrend CT536 wireless ADSL router",89
37.10.4.122,,"Comtrend CT536 wireless ADSL router",89
37.10.4.124,,"Comtrend CT536 wireless ADSL router",89
37.10.4.126,,"Comtrend CT536 wireless ADSL router",89
37.10.4.127,,"Comtrend CT536 wireless ADSL router",89
37.10.4.129,,"Comtrend CT536 wireless ADSL router",89
37.10.4.130,,"Comtrend CT536 wireless ADSL router",89
37.10.4.131,,"Comtrend CT536 wireless ADSL router",89
37.10.4.133,,"Comtrend CT536 wireless ADSL router",89
37.10.4.135,,"Linksys WRV54G WAP",93
37.10.4.136,,"Comtrend CT536 wireless ADSL router",89
37.10.4.138,,"Comtrend CT536 wireless ADSL router",89
37.10.4.139,,"OpenWrt Kamikaze 7.09 (Linux 2.6.22)",87
37.10.4.143,,"Linksys WRV54G WAP",93
37.10.4.145,,"Comtrend CT536 wireless ADSL router",89
37.10.4.146,,"Comtrend CT536 wireless ADSL router",89
37.10.4.148,,"Comtrend CT536 wireless ADSL router",89
37.10.4.153,,"Linksys WRV54G WAP",93
37.10.4.155,,"Linksys WRV54G WAP",93
37.10.4.157,,"Linksys WRV54G WAP",93
37.10.4.161,,"Comtrend CT536 wireless ADSL router",89
37.10.4.163,,"Comtrend CT536 wireless ADSL router",89
37.10.4.167,,"Comtrend CT536 wireless ADSL router",89
37.10.4.168,,"Comtrend CT536 wireless ADSL router",89
37.10.4.169,,"Comtrend CT536 wireless ADSL router",89
37.10.4.171,,"Linksys WRV54G WAP",93
37.10.4.172,,"Comtrend CT536 wireless ADSL router",89
37.10.4.174,,"Linksys WRV54G WAP",93
37.10.4.176,,"Comtrend CT536 wireless ADSL router",89
37.10.4.177,,"Linux 2.6.11-auditor-10 (Auditor CD, x86)",90
37.10.4.178,,"Linksys WRV54G WAP",93
37.10.4.182,,"Comtrend CT536 wireless ADSL router",89
37.10.4.183,,"Linksys WRV54G WAP",93
37.10.4.184,,"Comtrend CT536 wireless ADSL router",89
37.10.4.189,,"Linksys WRV54G WAP",93
37.10.4.190,,"Linksys WRV54G WAP",93
37.10.4.194,,"Comtrend CT536 wireless ADSL router",89
37.10.4.195,,"Comtrend CT536 wireless ADSL router",89
37.10.4.197,,"Comtrend CT536 wireless ADSL router",89
37.10.4.201,,"Comtrend CT536 wireless ADSL router",89
37.10.4.208,,"Comtrend CT536 wireless ADSL router",89
37.10.4.211,,"Comtrend CT536 wireless ADSL router",89
37.10.4.214,,"Linksys WRV54G WAP",93
37.10.4.216,,"Comtrend CT536 wireless ADSL router",89
37.10.4.219,,"Comtrend CT536 wireless ADSL router",89
37.10.4.220,,"Comtrend CT536 wireless ADSL router",89
37.10.4.221,,"Comtrend CT536 wireless ADSL router",89
37.10.4.226,,"Linksys WRV54G WAP",93
37.10.4.228,,"Comtrend CT536 wireless ADSL router",89
37.10.4.231,,"Comtrend CT536 wireless ADSL router",89
37.10.4.234,,"Comtrend CT536 wireless ADSL router",89
37.10.4.236,,"Comtrend CT536 wireless ADSL router",89
37.10.4.237,,"Comtrend CT536 wireless ADSL router",89
37.10.4.241,,"Comtrend CT536 wireless ADSL router",89
37.10.4.243,,"Linksys WRV54G WAP",93
37.10.4.248,,"Linksys WRV54G WAP",93
37.10.4.249,,"Comtrend CT536 wireless ADSL router",89
37.10.4.253,,"Comtrend CT536 wireless ADSL router",89
37.10.5.10,,"Linksys WRV54G WAP",93
37.10.5.13,,"Comtrend CT536 wireless ADSL router",89
37.10.5.17,,"Comtrend CT536 wireless ADSL router",89
37.10.5.21,,"Comtrend CT536 wireless ADSL router",89
37.10.5.24,,"Comtrend CT536 wireless ADSL router",89
37.10.5.25,,"Comtrend CT536 wireless ADSL router",89
37.10.5.29,,"Comtrend CT536 wireless ADSL router",89
37.10.5.30,,"Comtrend CT536 wireless ADSL router",89
37.10.5.31,,"Linksys WRV54G WAP",93
37.10.5.32,,"Comtrend CT536 wireless ADSL router",89
37.10.5.33,,"Comtrend CT536 wireless ADSL router",89
37.10.5.38,,"Linksys WRV54G WAP",93
37.10.5.41,,"Comtrend CT536 wireless ADSL router",89
37.10.5.42,,"Comtrend CT536 wireless ADSL router",89
37.10.5.43,,"Comtrend CT536 wireless ADSL router",89
37.10.5.47,,"Comtrend CT536 wireless ADSL router",89
37.10.5.49,,"Comtrend CT536 wireless ADSL router",89
37.10.5.50,,"Comtrend CT536 wireless ADSL router",89
37.10.5.52,,"Linksys WRV54G WAP",93
37.10.5.54,,"Linksys WRV54G WAP",93
37.10.5.55,,"Linux 2.6.5-7.283-smp (SuSE Enterprise Server 9, x86)",90
37.10.5.57,,"Comtrend CT536 wireless ADSL router",89
37.10.5.58,,"Comtrend CT536 wireless ADSL router",89
37.10.5.59,,"Comtrend CT536 wireless ADSL router",89
37.10.5.62,,"Comtrend CT536 wireless ADSL router",89
37.10.5.64,,"Linksys WRV54G WAP",93
37.10.5.68,,"Comtrend CT536 wireless ADSL router",89
37.10.5.70,,"Linux 2.6.11-auditor-10 (Auditor CD, x86)",90
37.10.5.71,,"Linksys WRV54G WAP",93
37.10.5.74,,"Linksys WRV54G WAP",93
37.10.5.76,,"Comtrend CT536 wireless ADSL router",89
37.10.5.77,,"Comtrend CT536 wireless ADSL router",89
37.10.5.80,,"Comtrend CT536 wireless ADSL router",89
37.10.5.82,,"Comtrend CT536 wireless ADSL router",89
37.10.5.86,,"Comtrend CT536 wireless ADSL router",89
37.10.5.91,,"Linksys WRV54G WAP",93
37.10.5.94,,"Comtrend CT536 wireless ADSL router",89
37.10.5.96,,"Comtrend CT536 wireless ADSL router",89
37.10.5.98,,"Linksys WRV54G WAP",93
37.10.5.100,,"Comtrend CT536 wireless ADSL router",89
37.10.5.102,,"Comtrend CT536 wireless ADSL router",89
37.10.5.103,,"Linksys WRV54G WAP",93
37.10.5.105,,"Linksys WRV54G WAP",93
37.10.5.108,,"Comtrend CT536 wireless ADSL router",89
37.10.5.113,,"Linux 2.6.5-7.283-smp (SuSE Enterprise Server 9, x86)",90
37.10.5.115,,"Linux 2.6.5-7.283-smp (SuSE Enterprise Server 9, x86)",90
37.10.5.117,,"Comtrend CT536 wireless ADSL router",89
37.10.5.121,,"Comtrend CT536 wireless ADSL router",89
37.10.5.122,,"Comtrend CT536 wireless ADSL router",89
37.10.5.123,,"Comtrend CT536 wireless ADSL router",89
37.10.5.124,,"Comtrend CT536 wireless ADSL router",89
37.10.5.125,,"Linksys WRV54G WAP",93
37.10.5.131,,"Comtrend CT536 wireless ADSL router",89
37.10.5.132,,"Comtrend CT536 wireless ADSL router",89
37.10.5.133,,"Comtrend CT536 wireless ADSL router",89
37.10.5.134,,"Comtrend CT536 wireless ADSL router",89
37.10.5.135,,"Comtrend CT536 wireless ADSL router",89
37.10.5.137,,"Comtrend CT536 wireless ADSL router",89
37.10.5.138,,"Comtrend CT536 wireless ADSL router",89
37.10.5.139,,"Comtrend CT536 wireless ADSL router",89
37.10.5.141,,"Comtrend CT536 wireless ADSL router",89
37.10.5.144,,"Comtrend CT536 wireless ADSL router",89
37.10.5.147,,"Comtrend CT536 wireless ADSL router",89
37.10.5.151,,"Comtrend CT536 wireless ADSL router",89
37.10.5.153,,"Comtrend CT536 wireless ADSL router",89
37.10.5.155,,"Comtrend CT536 wireless ADSL router",89
37.10.5.158,,"Comtrend CT536 wireless ADSL router",89
37.10.5.159,,"Comtrend CT536 wireless ADSL router",89
37.10.5.161,,"Comtrend CT536 wireless ADSL router",89
37.10.5.164,,"Comtrend CT536 wireless ADSL router",89
37.10.5.169,,"Comtrend CT536 wireless ADSL router",89
37.10.5.170,,"Comtrend CT536 wireless ADSL router",89
37.10.5.172,,"Comtrend CT536 wireless ADSL router",89
37.10.5.173,,"Linux 2.6.11 - 2.6.18",91
37.10.5.174,,"Comtrend CT536 wireless ADSL router",89
37.10.5.176,,"Comtrend CT536 wireless ADSL router",89
37.10.5.177,,"Comtrend CT536 wireless ADSL router",89
37.10.5.179,,"Comtrend CT536 wireless ADSL router",89
37.10.5.180,,"Comtrend CT536 wireless ADSL router",89
37.10.5.181,,"Comtrend CT536 wireless ADSL router",89
37.10.5.186,,"Comtrend CT536 wireless ADSL router",89
37.10.5.189,,"Comtrend CT536 wireless ADSL router",89
37.10.5.192,,"Comtrend CT536 wireless ADSL router",89
37.10.5.193,,"Comtrend CT536 wireless ADSL router",89
37.10.5.194,,"Linksys WRV54G WAP",93
37.10.5.195,,"Comtrend CT536 wireless ADSL router",89
37.10.5.196,,"Comtrend CT536 wireless ADSL router",89
37.10.5.198,,"Comtrend CT536 wireless ADSL router",89
37.10.5.199,,"Comtrend CT536 wireless ADSL router",89
37.10.5.200,,"Comtrend CT536 wireless ADSL router",89
37.10.5.201,,"Asus RT-AC66U router (Linux 2.6)",87
37.10.5.203,,"Comtrend CT536 wireless ADSL router",89
37.10.5.204,,"Comtrend CT536 wireless ADSL router",89
37.10.5.206,,"Linksys WRV54G WAP",93
37.10.5.209,,"Linksys WRV54G WAP",93
37.10.5.210,,"Comtrend CT536 wireless ADSL router",89
37.10.5.212,,"Comtrend CT536 wireless ADSL router",89
37.10.5.213,,"Comtrend CT536 wireless ADSL router",89
37.10.5.214,,"Comtrend CT536 wireless ADSL router",89
37.10.5.215,,"Linksys WRV54G WAP",93
37.10.5.216,,"Comtrend CT536 wireless ADSL router",89
37.10.5.220,,"Linksys WRV54G WAP",93
37.10.5.222,,"Comtrend CT536 wireless ADSL router",89
37.10.5.223,,"Linux 2.6.5-7.283-smp (SuSE Enterprise Server 9, x86)",90
37.10.5.225,,"Comtrend CT536 wireless ADSL router",89
37.10.5.228,,"Comtrend CT536 wireless ADSL router",89
37.10.5.229,,"Comtrend CT536 wireless ADSL router",89
37.10.5.230,,"Comtrend CT536 wireless ADSL router",89
37.10.5.231,,"Linux 2.6.5-7.283-smp (SuSE Enterprise Server 9, x86)",90
37.10.5.234,,"Linksys WRV54G WAP",93
37.10.5.236,,"OpenWrt Kamikaze 7.09 (Linux 2.6.22)",87
37.10.5.237,,"Linux 2.6.5-7.283-smp (SuSE Enterprise Server 9, x86)",90
37.10.5.242,,"Comtrend CT536 wireless ADSL router",89
37.10.5.243,,"Comtrend CT536 wireless ADSL router",89
37.10.5.249,,"Comtrend CT536 wireless ADSL router",89
37.10.5.252,,"Comtrend CT536 wireless ADSL router",89
37.10.6.12,,"Linux 2.6.18 - 2.6.32",96
37.10.6.14,,"Linux 2.6.18 - 2.6.32",96
37.10.6.15,,"Linksys WRV54G WAP",93
37.10.6.38,,"Linux 2.6.18 - 2.6.32",96
37.10.6.42,,"Linux 2.6.18 - 2.6.32",96
37.10.6.57,,"Comtrend CT536 wireless ADSL router",89
37.10.6.60,,"Linux 2.6.18 - 2.6.32",96
37.10.6.64,,"Linux 2.6.9 - 2.6.18",94
37.10.6.74,,"Linux 2.6.18 - 2.6.32",96
37.10.6.76,,"Linksys WRV54G WAP",93
37.10.6.77,,"Linux 2.6.18 - 2.6.32",96
37.10.6.83,,"Comtrend CT536 wireless ADSL router",89
37.10.6.84,,"Linux 2.6.18 - 2.6.32",96
37.10.6.87,,"Linux 2.6.18 - 2.6.32",96
37.10.6.90,,"Comtrend CT536 wireless ADSL router",89
37.10.6.91,,"Linux 2.6.18 - 2.6.32",96
37.10.6.95,,"Linux 2.6.18 - 2.6.32",96
37.10.6.98,,"Comtrend CT536 wireless ADSL router",89
37.10.6.105,,"Comtrend CT536 wireless ADSL router",89
37.10.6.124,,"Linux 2.6.18 - 2.6.32",96
37.10.6.126,,"Linux 2.6.18 - 2.6.32",96
37.10.6.133,,"Linux 2.6.18 - 2.6.32",96
37.10.6.138,,"Linux 2.6.18 - 2.6.32",96
37.10.6.142,,"Linux 2.6.18 - 2.6.32",96
37.10.6.144,,"Linux 2.6.18 - 2.6.32",96
37.10.6.147,,"Linux 2.6.18 - 2.6.32",96
37.10.6.170,,"Linux 2.6.18 - 2.6.32",96
37.10.6.193,,"Linux 2.6.20-1 (Fedora Core 5)",94
37.10.6.194,,"Linux 2.6.18 - 2.6.32",96
37.10.6.199,,"Linux 2.6.18 - 2.6.32",96
37.10.6.207,,"Linux 2.6.18 - 2.6.32",92
37.10.6.210,,"Comtrend CT536 wireless ADSL router",89
37.10.6.211,,"Linux 2.6.18 - 2.6.32",96
37.10.6.213,,"Linux 2.6.18 - 2.6.32",96
37.10.6.217,,"Linux 2.6.18 - 2.6.32",95
37.10.6.225,,"Linux 2.6.18 - 2.6.32",96
37.10.6.232,,"Linux 2.6.18 - 2.6.32",96
37.10.6.243,,"Linux 2.6.18 - 2.6.32",96
37.10.6.251,,"Comtrend CT536 wireless ADSL router",89
37.10.6.253,,"Linux 2.6.18 - 2.6.32",96
37.10.7.16,,"Linux 2.6.18",96
37.10.7.18,,"Linux 2.6.18 - 2.6.32",96
37.10.7.32,,"Linux 2.6.18 - 2.6.32",96
37.10.7.33,,"Linux 2.6.18 - 2.6.32",96
37.10.7.36,,"Comtrend CT536 wireless ADSL router",89
37.10.7.39,,"Linux 2.6.18 - 2.6.32",96
37.10.7.40,,"Comtrend CT536 wireless ADSL router",89
37.10.7.44,,"Linux 2.6.18",92
37.10.7.45,,"Linux 2.6.18 - 2.6.32",96
37.10.7.48,,"Linux 2.6.18 - 2.6.32",96
37.10.7.53,,"Linux 2.6.18 - 2.6.32",96
37.10.7.67,,"Comtrend CT536 wireless ADSL router",89
37.10.7.69,,"Linux 2.6.18 - 2.6.32",96
37.10.7.70,,"Linux 2.6.18 - 2.6.32",96
37.10.7.78,,"Linux 2.6.18 - 2.6.32",96
37.10.7.80,,"Linksys WRV54G WAP",93
37.10.7.81,,"Linux 2.6.18 - 2.6.32",96
37.10.7.88,,"Linux 2.6.18 - 2.6.32",96
37.10.7.91,,"Linux 2.6.18 - 2.6.32",96
37.10.7.113,,"Linux 2.6.18 - 2.6.32",96
37.10.7.131,,"Linux 2.6.18 - 2.6.32",96
37.10.7.134,,"Linux 2.6.18 - 2.6.32",96
37.10.7.139,,"Linux 2.6.18 - 2.6.32",96
37.10.7.141,,"Comtrend CT536 wireless ADSL router",89
37.10.7.143,,"Linux 2.6.18 - 2.6.32",96
37.10.7.152,,"Linux 2.6.18 - 2.6.32",96
37.10.7.153,,"Linksys WRV54G WAP",93
37.10.7.154,,"Linux 2.6.18 - 2.6.32",96
37.10.7.156,,"Linux 2.6.18 - 2.6.32",96
37.10.7.159,,"Linux 2.6.18 - 2.6.32",96
37.10.7.167,,"Linux 2.6.18 - 2.6.32",96
37.10.7.167,,"Linux 2.6.18",92
37.10.7.181,,"Linux 2.6.18 - 2.6.32",96
37.10.7.182,,"Linux 2.6.18 - 2.6.32",96
37.10.7.184,,"Linux 2.6.18 - 2.6.32",96
37.10.7.188,,"Linux 2.6.18",95
37.10.7.189,,"Linux 2.6.18 - 2.6.32",96
37.10.7.208,,"Comtrend CT536 wireless ADSL router",89
37.10.7.219,,"Linux 2.6.18 - 2.6.32",96
37.10.7.225,,"Linux 2.6.18 - 2.6.32",96
37.10.7.227,,"Linux 2.6.18 - 2.6.32",96
37.10.7.230,,"Linux 2.6.18 - 2.6.32",96
37.10.7.231,,"Linux 2.6.18 - 2.6.32",96
37.10.7.239,,"Linux 2.6.18 - 2.6.32",96
37.10.7.248,,"Linux 2.6.18 - 2.6.32",96
37.10.7.249,,"Linksys WRV54G WAP",93
37.10.7.254,,"Linux 2.6.32 - 3.2",95
37.10.8.14,,"Linux 2.6.18 - 2.6.32",96
37.10.8.15,,"Linux 2.6.18 - 2.6.32",96
37.10.8.17,,"Linksys WRV54G WAP",93
37.10.8.18,,"Linux 2.6.18 - 2.6.32",96
37.10.8.19,,"Linux 2.6.18 - 2.6.32",96
37.10.8.28,,"Linux 2.6.18 - 2.6.32",96
37.10.8.29,,"Linux 2.6.18",92
37.10.8.44,,"Linksys WRV54G WAP",93
37.10.8.48,,"Linux 2.6.18 - 2.6.32",96
37.10.8.50,,"Linux 2.6.18 - 2.6.32",96
37.10.8.51,,"Linux 2.6.18 - 2.6.32",96
37.10.8.71,,"Linux 2.6.18 - 2.6.32",96
37.10.8.72,,"Linux 2.6.18 - 2.6.32",96
37.10.8.73,,"Linux 2.6.18 - 2.6.32",96
37.10.8.88,,"Linux 2.6.18 - 2.6.32",96
37.10.8.91,,"Linux 2.6.18 - 2.6.32",96
37.10.8.101,,"Linksys WRV54G WAP",93
37.10.8.109,,"Linux 2.6.18 - 2.6.32",96
37.10.8.115,,"Linux 2.6.18 - 2.6.32",96
37.10.8.116,,"Comtrend CT536 wireless ADSL router",89
37.10.8.118,,"Linux 2.6.18 - 2.6.32",96
37.10.8.128,,"Comtrend CT536 wireless ADSL router",89
37.10.8.139,,"Linux 2.6.18 - 2.6.32",96
37.10.8.151,,"Linux 2.6.18 - 2.6.32",96
37.10.8.152,,"Linux 2.6.18 - 2.6.32",96
37.10.8.165,,"Linux 2.6.11 - 2.6.18",97
37.10.8.174,,"Linux 2.6.18 - 2.6.32",96
37.10.8.184,,"Linux 2.6.18 - 2.6.32",96
37.10.8.186,,"Comtrend CT536 wireless ADSL router",89
37.10.8.187,,"Linux 2.6.18 - 2.6.32",96
37.10.8.189,,"Linux 2.6.18 - 2.6.32",96
37.10.8.191,,"Linux 2.6.18 - 2.6.32",96
37.10.8.214,,"Linux 2.6.18 - 2.6.32",96
37.10.8.218,,"Comtrend CT536 wireless ADSL router",89
37.10.8.224,,"Linux 2.6.18 - 2.6.32",96
37.10.8.225,,"Comtrend CT536 wireless ADSL router",89
37.10.8.226,,"Linux 2.6.18 - 2.6.32",96
37.10.8.227,,"Comtrend CT536 wireless ADSL router",89
37.10.8.228,,"Linux 2.6.18 - 2.6.32",96
37.10.8.240,,"Comtrend CT536 wireless ADSL router",89
37.10.9.10,,"Linux 2.6.18 - 2.6.32",96
37.10.9.12,,"Linksys WRV54G WAP",93
37.10.9.17,,"Linux 2.6.18 - 2.6.32",96
37.10.9.25,,"Linux 2.6.18 - 2.6.32",96
37.10.9.38,,"Linux 2.6.18 - 2.6.32",96
37.10.9.39,,"Linux 2.6.18 - 2.6.32",96
37.10.9.49,,"Linux 2.6.18 - 2.6.32",96
37.10.9.52,,"Comtrend CT536 wireless ADSL router",89
37.10.9.54,,"Linux 2.6.18 - 2.6.32",96
37.10.9.55,,"Linux 2.6.18 - 2.6.32",96
37.10.9.57,,"Linux 2.6.18 - 2.6.32",96
37.10.9.60,,"Linux 2.6.18 - 2.6.32",96
37.10.9.70,,"Comtrend CT536 wireless ADSL router",89
37.10.9.76,,"Linux 2.6.18 - 2.6.32",96
37.10.9.78,,"Linux 2.6.18 - 2.6.32",96
37.10.9.83,,"Linux 2.6.18 - 2.6.32",96
37.10.9.86,,"Linux 2.6.18 - 2.6.32",96
37.10.9.88,,"Linux 2.6.18 - 2.6.32",96
37.10.9.90,,"Linux 2.6.18 - 2.6.32",96
37.10.9.93,,"Linux 2.6.18 - 2.6.32",96
37.10.9.96,,"Linux 2.6.18 - 2.6.32",96
37.10.9.102,,"Linux 2.6.18 - 2.6.32",96
37.10.9.112,,"Linux 2.6.18 - 2.6.32",96
37.10.9.113,,"Linux 2.6.18 - 2.6.32",96
37.10.9.127,,"Linux 2.6.18 - 2.6.32",96
37.10.9.131,,"Linux 2.6.18 - 2.6.32",96
37.10.9.142,,"Linux 2.6.18 - 2.6.32",96
37.10.9.156,,"Comtrend CT536 wireless ADSL router",89
37.10.9.162,,"Linux 2.6.18 - 2.6.32",96
37.10.9.163,,"Linux 2.6.18 - 2.6.32",96
37.10.9.167,,"Linux 2.6.18 - 2.6.32",96
37.10.9.179,,"Linksys WRV54G WAP",93
37.10.9.184,,"Linux 2.6.18 - 2.6.32",96
37.10.9.193,,"Linksys WRV54G WAP",93
37.10.9.195,,"Linux 2.6.18 - 2.6.32",96
37.10.9.196,,"Linux 2.6.18 - 2.6.32",96
37.10.9.202,,"Linux 2.6.18 - 2.6.32",96
37.10.9.206,,"Comtrend CT536 wireless ADSL router",89
37.10.9.212,,"Linksys WRV54G WAP",93
37.10.9.220,,"Linux 2.6.18 - 2.6.32",96
37.10.9.245,,"Linux 2.6.18 - 2.6.32",96
37.10.9.251,,"Linux 2.6.18 - 2.6.32",96
37.10.109.31,,"OpenWrt White Russian 0.9 (Linux 2.4.30)",97
37.10.109.94,,"OpenWrt White Russian 0.9 (Linux 2.4.30)",97
37.10.110.105,,"OpenWrt White Russian 0.9 (Linux 2.4.30)",97
37.10.114.87,,"Linux 2.6.18 - 2.6.32",95
37.10.127.127,,"Linux 2.6.32",98
37.17.181.246,,"Microsoft Windows XP SP2 or Windows Server 2003 SP2",92
37.19.133.98,,"Microsoft Windows XP",96
37.25.32.203,,"Microsoft Windows Server 2008 SP2",97
37.25.243.181,mediagate37-25-243-181.ncgateserver.com,"Linux 2.6.18 - 2.6.32",95
37.25.243.208,mediagate37-25-243-208.ncgateserver.com,"Linux 2.6.18",95
37.25.246.67,mediagate37-25-246-67.ncgateserver.com,"Linux 2.6.18",95
37.25.248.232,,"Linux 2.6.18",95
37.25.248.253,,"Linux 2.6.18",95
37.25.249.179,,"Linux 2.6.18",95
37.25.251.196,client3725251196.vpnroutes.com,"Linux 2.6.18",95
37.27.13.189,,"Linux 2.6.32 - 2.6.35",99
37.27.25.219,,"Linux 2.6.31",95
37.27.56.6,,"Linux 2.6.32",96
37.27.61.244,,"Linux 2.6.32",97
37.27.69.75,,"Linux 2.6.32",96
37.27.74.51,,"Linux 2.6.18 (CentOS 5.4)",95
37.27.76.132,,"Linux 2.4.26 (Slackware 10.0.0)",96
37.27.79.87,,"Linux 2.6.32",96
37.27.93.41,,"Linux 2.6.18 (CentOS 5.4)",95
37.27.95.150,,"Linux 2.6.32",92
37.27.110.141,,"Linux 2.4.26 (Slackware 10.0.0)",96
37.27.113.19,,"Linux 2.6.32",97
37.27.203.43,,"Linux 2.6.32",97
37.27.222.248,,"Linux 2.6.32",96
37.27.224.39,,"Linux 2.6.32",97
37.27.225.198,,"Linux 2.6.32",97
37.34.57.137,justart.nl,"Netgear DG834G WAP or Western Digital WD TV media player",96
37.34.57.15,37-34-57-15.colo.transip.net,"Linux 3.0",95
37.34.58.203,guust.tuxes.nl,"Linux 2.6.32",95
37.34.59.86,37-34-59-86.colo.transip.net,"Linux 2.6.32 - 3.2",95
37.34.60.137,37-34-60-137.colo.transip.net,"Linux 2.6.32 - 3.2",95
37.43.135.139,,"Microsoft Windows XP SP2 or SP3, or Windows Server 2003",96
37.44.43.235,,"Microsoft Windows XP SP2 or SP3",96
37.44.68.175,,"Microsoft Windows XP SP2 or SP3",95
37.44.93.184,,"Microsoft Windows XP SP2 or Windows Server 2003 SP2",96
37.44.243.131,,"OpenVZ Linux virtualization kernel (Linux 2.6.18-028stab023.1+31-openvz-smp)",96
37.44.245.212,,"OpenVZ Linux virtualization kernel (Linux 2.6.18-028stab023.1+31-openvz-smp)",96
37.44.248.51,,"OpenVZ Linux virtualization kernel (Linux 2.6.18-028stab023.1+31-openvz-smp)",96
37.44.248.81,,"OpenVZ Linux virtualization kernel (Linux 2.6.18-028stab023.1+31-openvz-smp)",96
37.45.40.229,,"Microsoft Windows XP SP2 or SP3",96
37.45.44.87,,"Microsoft Windows XP SP2 or SP3",96
37.45.131.217,,"Microsoft Windows Vista SP2",98
37.45.138.109,,"Microsoft Windows XP SP2 or SP3",96
37.45.166.28,,"Microsoft Windows Vista SP2",98
37.45.170.160,,"Microsoft Windows XP SP2 or SP3",96
37.45.170.188,,"Microsoft Windows Vista SP2",98
37.45.220.132,,"Microsoft Windows XP SP2 or SP3",96
37.49.191.133,,"Microsoft Windows Vista SP2",97
37.52.255.1,1-255-52-37.pool.ukrtel.net,"Juniper M7i router",95
37.55.96.201,201-96-55-37.pool.ukrtel.net,"Microsoft Windows XP SP2 or SP3",96
37.56.3.50,,"Linux 2.6.18 - 2.6.32",94
37.56.13.199,,"Linux 2.6.18 - 2.6.32",93
37.56.16.36,,"Linux 2.6.18 - 2.6.32",93
37.58.32.168,168.32.58.37-pppoe-dynamic.uvttk.ru,"Microsoft Windows Vista SP2",98
37.58.33.168,168.33.58.37-pppoe-dynamic.uvttk.ru,"Microsoft Windows Server 2008 SP1",96
37.58.38.151,151.38.58.37-pppoe-dynamic.uvttk.ru,"Microsoft Windows XP SP3",96
37.58.39.192,,"Microsoft Windows Vista SP2",98
37.59.199.148,,"Linux 2.6.18 - 2.6.32",96
37.60.40.203,,"Thecus 4200 or N5500 NAS device (Linux 2.6.33)",87
37.60.40.233,,"Thecus 4200 or N5500 NAS device (Linux 2.6.33)",90
37.60.42.115,,"Microsoft Windows XP SP2",89
37.60.43.247,,"Thecus 4200 or N5500 NAS device (Linux 2.6.33)",84
37.60.44.99,,,
37.60.45.2,,"Thecus 4200 or N5500 NAS device (Linux 2.6.33)",87
37.60.45.114,,"Thecus 4200 or N5500 NAS device (Linux 2.6.33)",86
37.60.46.53,,"D-Link DIR-615, Encore 3G, or EnGenius ESR-9752 WAP",89
37.60.46.163,,"Netgear DG834G WAP or Western Digital WD TV media player",92
37.60.47.86,,"OpenWrt White Russian 0.9 (Linux 2.4.30)",87
37.60.47.96,,"OpenWrt White Russian 0.9 (Linux 2.4.30)",88
37.60.47.189,,,
37.60.217.114,ppp37-60-217-114.tis-dialog.ru,"Microsoft Windows Vista SP2",99
37.77.133.137,37-77-133-137.obit.ru,"FreeBSD 6.2-STABLE - 6.4-STABLE",96
37.77.186.84,,"FreeBSD 7.0-RELEASE-p1 - 10.0-CURRENT",93
37.77.208.14,host-3777-208-14.popwifi.it,"MikroTik RouterOS 3.30",96
37.77.216.89,host-3777-216-89.popwifi.it,"MikroTik RouterOS 3.30",97
37.79.26.52,,"Microsoft Windows Server 2008 SP1",96
37.79.41.208,,"OpenWrt White Russian 0.9 (Linux 2.4.30)",95
37.99.216.70,,"Microsoft Windows XP SP3",95
37.112.17.112,dynamicip-37-112-17-112.pppoe.kzn.ertelecom.ru,"Microsoft Windows XP SP2 or SP3",96
37.112.60.135,37x112x60x135.dynamic.bryansk.ertelecom.ru,"Microsoft Windows XP SP2 or SP3, or Windows Embedded Standard 2009",96
37.112.127.45,dynamicip-37-112-127-45.pppoe.perm.ertelecom.ru,"Microsoft Windows XP SP2 or SP3",96
37.112.202.98,,"Microsoft Windows XP SP2 or SP3",96
37.112.206.232,,"Microsoft Windows XP SP2 or SP3, or Windows Embedded Standard 2009",95
37.112.220.202,,"Microsoft Windows XP SP2",93
37.112.225.99,37x112x225x99.dynamic.kirov.ertelecom.ru,"Microsoft Windows Server 2008 SP1",95
37.112.236.73,dynamicip-37-112-236-73.pppoe.kirov.ertelecom.ru,"Linksys RV042 router",93
37.112.240.120,37x112x240x120.dynamic.tver.ertelecom.ru,"Microsoft Windows XP SP2 or SP3",95
37.113.12.234,,"Microsoft Windows Vista SP2",98
37.113.69.76,37x113x69x76.dynamic.samara.ertelecom.ru,"Microsoft Windows XP SP2 or SP3",96
37.113.83.148,37x113x83x148.dynamic.kirov.ertelecom.ru,"Microsoft Windows Vista SP2",98
37.113.92.6,37x113x92x6.dynamic.yar.ertelecom.ru,"Comtrend 5361 ADSL router",97
37.113.95.161,37x113x95x161.dynamic.yar.ertelecom.ru,"Microsoft Windows XP SP2 or SP3",96
37.113.180.21,dynamicip-37-113-180-21.pppoe.chel.ertelecom.ru,"Microsoft Windows XP SP2 or SP3",96
37.113.220.49,37x113x220x49.dynamic.ryazan.ertelecom.ru,"Microsoft Windows Server 2003 SP2",95
37.113.222.10,37x113x222x10.dynamic.ryazan.ertelecom.ru,"Microsoft Windows Vista SP2",99
37.113.227.158,37x113x227x158.dynamic.ryazan.ertelecom.ru,"Microsoft Windows Vista SP2",98
37.114.122.187,,"Linux 2.6.18 - 2.6.32",96
37.115.67.182,37-115-67-182-broadband.kyivstar.net,"Microsoft Windows XP SP2 or SP3",98
37.115.164.202,37-115-164-202-broadband.kyivstar.net,"Apple iPhone mobile phone (iPhone OS 3.0 - iOS 4.2.1)",97
37.115.204.182,37-115-204-182-broadband.kyivstar.net,"Linux 2.6.9 - 2.6.30",97
37.115.218.127,37-115-218-127-broadband.kyivstar.net,"Nokia E55 or S60 mobile phone (Symbian OS 9.3)",89
37.122.62.25,h37-122-62-25.dyn.bashtel.ru,"Microsoft Windows XP SP2 or SP3",96
37.123.97.231,37-123.97-231.salay.com.tr,"FreeBSD 7.0-RELEASE-p2 - 7.1-PRERELEASE",99
37.123.175.14,h-123-175-14.a336.priv.bahnhof.se,"Linux 2.6.9 - 2.6.33",97
37.128.98.46,37-128-98-46.ip.netia.com.pl,"Linux 2.6.18 - 2.6.26",95
37.128.99.160,37-128-99-160.ip.netia.com.pl,"3Com SuperStack 3 Switch 3870",94
37.139.80.40,,"Linux 2.6.18",96
37.140.6.27,pool-37-140-6-27.is74.ru,"Microsoft Windows 7 SP0 - SP1, or Windows Server 2008",97
37.140.195.102,TreeinCloud.ru,"Gemtek P360 WAP or Siemens Gigaset SE515dsl wireless broadband router",96
37.140.195.213,ecouniversal.server.ru,"Android 2.3.5 (Linux 2.6)",95
37.140.195.57,37-140-195-57.xen.vps.regruhosting.ru,"Linux 2.6.32",96
37.140.196.241,,"Linux 2.6.32 - 3.2",95
37.142.106.245,dynamic-37-142-106-245.hotnet.net.il,"Linux 2.6.9 - 2.6.33",93
37.143.217.230,,"Microsoft Windows XP SP2 or Windows Server 2003 SP2",95
37.148.0.39,s0-mx39.breman.ro,"Linux 2.6.18 - 2.6.32",96
37.148.4.114,s4-mx114.breman.ro,"Linux 2.6.18 - 2.6.32",96
37.148.161.208,hosted-by.snelis.com,"Linux 2.6.32 - 3.2",95
37.148.165.29,chair.windygalaxy.com,"OpenWrt (Linux 2.4.32)",97
37.148.165.112,succeeded.zerorocket.com,"Linux 2.6.18 - 2.6.32",96
37.153.15.1,gw-clnt.weba.ru,"Juniper Networks J2320 or MX5-T router; or EX2200, EX3200, EX4200, or EX8200 switch (JUNOS 8.5 - 11.2)",97
37.157.252.148,,"Linux 2.6.32",97
37.200.65.21,,"Linux 2.6.18 - 2.6.32",95
37.212.4.122,,"Fortinet FortiGate-50B or 310B firewall",96
37.212.6.92,,"Fortinet FortiGate-50B or 310B firewall",96
37.212.7.28,,"Fortinet FortiGate-60B or -100A firewall",93
37.212.9.130,,"Fortinet FortiGate-60B or -100A firewall",94
37.212.53.218,,"Microsoft Windows 2000 SP2 - SP4, Windows XP SP2 - SP3, or Windows Server 2003 SP0 - SP2",94
37.212.58.52,,"Linux 2.6.18 - 2.6.22",94
37.213.41.174,,"Microsoft Windows XP SP2 or SP3",96
37.220.17.226,h37-220-17-226.host.redstation.co.uk,"Linux 2.6.18",96
37.220.19.113,h37-220-19-113.host.redstation.co.uk,"DD-WRT v23 - v24-sp2 (Linux 2.4.20 - 2.4.37)",95
37.220.21.248,h37-220-21-248.host.redstation.co.uk,"Microsoft Windows Server 2003 SP2",97
37.220.25.124,h37-220-25-124.host.redstation.co.uk,"Netgear DG834G WAP or Western Digital WD TV media player",96
37.220.30.8,h37-220-30-8.host.redstation.co.uk,"Linux 2.6.9 - 2.6.30",95
37.220.163.245,cdn.ngenix.net,"FreeBSD 7.0-RELEASE-p1 - 10.0-CURRENT",97
37.221.172.135,stp-29-sid-3.reserved.voxility.com,"Digi NET+OS 7",98
37.224.20.156,,"D-Link DI-504 or DI-704P broadband router, or DI-524 WAP",87
37.228.140.112,,"Linux 2.6.32",94
37.228.151.179,mx25.unleashyourideas.com,"Linux 2.6.32",99
37.229.1.60,37-229-1-60-dne.broadband.kyivstar.net,"Microsoft Windows Server 2003",97
37.229.19.248,37-229-19-248-dne.broadband.kyivstar.net,"Microsoft Windows XP SP2 or SP3",96
37.229.34.131,37-229-34-131-broadband.kyivstar.net,"Microsoft Windows Vista SP2",99
37.229.39.146,37-229-39-146-broadband.kyivstar.net,"Microsoft Windows Vista SP2",99
37.229.43.72,37-229-43-72-broadband.kyivstar.net,"Microsoft Windows XP SP2 or SP3",97
37.229.79.78,37-229-79-78-broadband.kyivstar.net,"Microsoft Windows Server 2008 SP1",96
37.229.81.157,37-229-81-157-broadband.kyivstar.net,"Microsoft Windows 2000 SP2 - SP4, Windows XP SP2 - SP3, or Windows Server 2003 SP0 - SP2",96
37.229.92.84,37-229-92-84-broadband.kyivstar.net,"Microsoft Windows Server 2003 SP2",97
37.229.154.236,37-229-154-236-broadband.kyivstar.net,"Microsoft Windows XP SP2 or Windows Server 2003 SP2",97
37.229.220.187,37-229-220-187-broadband.kyivstar.net,"Microsoft Windows XP SP2 or SP3",96
37.230.117.242,free.msk.ispsystem.net,"OpenBSD 4.9 - 5.1",96
37.232.1.163,,"Huawei SmartAX MT800u-T ADSL router, NexStor Nexsan ATABoy2x NAS device, ZyXEL ES-4024A switch, or ZyXEL Prestige 650HW or 660HW ADSL router",95
37.236.125.92,,"Linksys RV042 router",97
37.238.85.135,,"NAS device (Linux 2.6.15): GalaxyMetalGear 4500MGB, Icy Box IB-NAS4220-B, or MRT Dual GigaNAS",92
37.244.0.55,,"Netgear DG834G WAP or Western Digital WD TV media player",96
37.244.0.99,,"Netgear DG834G WAP or Western Digital WD TV media player",95
37.244.0.154,,"Netgear DG834G WAP or Western Digital WD TV media player",96
37.244.0.205,,"Netgear DG834G WAP or Western Digital WD TV media player",96
37.244.1.166,,"Netgear DG834G WAP or Western Digital WD TV media player",96
37.244.1.206,,"Netgear DG834G WAP or Western Digital WD TV media player",95
37.244.2.5,,"Netgear DG834G WAP or Western Digital WD TV media player",96
37.244.2.15,,"Netgear DG834G WAP or Western Digital WD TV media player",96
37.244.2.74,,"Netgear DG834G WAP or Western Digital WD TV media player",96
37.244.2.235,,"Netgear DG834G WAP or Western Digital WD TV media player",95
37.244.3.10,,"Netgear DG834G WAP or Western Digital WD TV media player",96
37.244.4.165,,"Netgear DG834G WAP or Western Digital WD TV media player",96
37.244.6.69,,"Netgear DG834G WAP or Western Digital WD TV media player",96
37.244.7.83,,"Netgear DG834G WAP or Western Digital WD TV media player",95
37.244.7.107,,"Netgear DG834G WAP or Western Digital WD TV media player",96
37.244.7.150,,"Netgear DG834G WAP or Western Digital WD TV media player",96
37.244.8.61,,"Netgear DG834G WAP or Western Digital WD TV media player",96
37.244.8.205,,"Netgear DG834G WAP or Western Digital WD TV media player",96
37.244.8.251,,"Netgear DG834G WAP or Western Digital WD TV media player",96
37.244.9.171,,"Netgear DG834G WAP or Western Digital WD TV media player",96
37.244.10.48,,"Netgear DG834G WAP or Western Digital WD TV media player",96
37.244.10.111,,"Netgear DG834G WAP or Western Digital WD TV media player",96
37.244.10.231,,"Netgear DG834G WAP or Western Digital WD TV media player",96
37.244.11.134,,"Netgear DG834G WAP or Western Digital WD TV media player",96
37.244.11.159,,"Netgear DG834G WAP or Western Digital WD TV media player",96
37.244.13.121,,"Netgear DG834G WAP or Western Digital WD TV media player",96
37.244.13.217,,"Netgear DG834G WAP or Western Digital WD TV media player",96
37.244.14.2,,"Netgear DG834G WAP or Western Digital WD TV media player",96
37.244.16.115,,"Netgear DG834G WAP or Western Digital WD TV media player",96
37.244.17.158,,"Netgear DG834G WAP or Western Digital WD TV media player",92
37.244.17.224,,"Netgear DG834G WAP or Western Digital WD TV media player",96
37.244.18.8,,"Netgear DG834G WAP or Western Digital WD TV media player",96
37.244.18.77,,"Netgear DG834G WAP or Western Digital WD TV media player",95
37.244.18.216,,"Netgear DG834G WAP or Western Digital WD TV media player",92
37.244.19.19,,"Netgear DG834G WAP or Western Digital WD TV media player",96
37.244.19.109,,"Netgear DG834G WAP or Western Digital WD TV media player",96
37.244.19.118,,"Netgear DG834G WAP or Western Digital WD TV media player",95
37.244.19.219,,"Netgear DG834G WAP or Western Digital WD TV media player",96
37.244.19.254,,"Netgear DG834G WAP or Western Digital WD TV media player",96
37.244.20.178,,"Netgear DG834G WAP or Western Digital WD TV media player",96
37.244.21.13,,"Netgear DG834G WAP or Western Digital WD TV media player",95
37.244.21.44,,"Netgear DG834G WAP or Western Digital WD TV media player",96
37.244.21.62,,"Netgear DG834G WAP or Western Digital WD TV media player",96
37.244.21.63,,"Netgear DG834G WAP or Western Digital WD TV media player",96
37.244.21.160,,"Netgear DG834G WAP or Western Digital WD TV media player",96
37.244.21.188,,"Netgear DG834G WAP or Western Digital WD TV media player",96
37.244.21.213,,"Netgear DG834G WAP or Western Digital WD TV media player",96
37.244.22.2,,"Netgear DG834G WAP or Western Digital WD TV media player",95
37.244.22.19,,"Netgear DG834G WAP or Western Digital WD TV media player",92
37.244.22.56,,"Netgear DG834G WAP or Western Digital WD TV media player",96
37.244.22.68,,"Netgear DG834G WAP or Western Digital WD TV media player",96
37.244.22.145,,"Netgear DG834G WAP or Western Digital WD TV media player",96
37.244.23.28,,"Netgear DG834G WAP or Western Digital WD TV media player",95
37.244.23.233,,"Netgear DG834G WAP or Western Digital WD TV media player",96
37.244.24.53,,"Netgear DG834G WAP or Western Digital WD TV media player",95
37.244.24.85,,"Netgear DG834G WAP or Western Digital WD TV media player",96
37.244.24.140,,"Netgear DG834G WAP or Western Digital WD TV media player",96
37.244.24.247,,"Netgear DG834G WAP or Western Digital WD TV media player",95
37.244.25.54,,"Netgear DG834G WAP or Western Digital WD TV media player",96
37.244.25.76,,"Netgear DG834G WAP or Western Digital WD TV media player",96
37.244.25.134,,"Netgear DG834G WAP or Western Digital WD TV media player",96
37.244.25.153,,"Netgear DG834G WAP or Western Digital WD TV media player",96
37.244.25.246,,"Netgear DG834G WAP or Western Digital WD TV media player",96
37.244.26.41,,"Netgear DG834G WAP or Western Digital WD TV media player",96
37.244.26.63,,"Netgear DG834G WAP or Western Digital WD TV media player",96
37.244.26.66,,"Netgear DG834G WAP or Western Digital WD TV media player",96
37.244.26.184,,"Netgear DG834G WAP or Western Digital WD TV media player",96
37.244.27.54,,"Netgear DG834G WAP or Western Digital WD TV media player",96
37.244.27.59,,"Netgear DG834G WAP or Western Digital WD TV media player",95
37.244.28.32,,"Netgear DG834G WAP or Western Digital WD TV media player",96
37.244.28.73,,"Netgear DG834G WAP or Western Digital WD TV media player",96
37.244.28.104,,"Netgear DG834G WAP or Western Digital WD TV media player",91
37.244.28.163,,"Netgear DG834G WAP or Western Digital WD TV media player",95
37.244.28.171,,"Netgear DG834G WAP or Western Digital WD TV media player",92
37.244.28.174,,"Netgear DG834G WAP or Western Digital WD TV media player",96
37.244.28.209,,"Netgear DG834G WAP or Western Digital WD TV media player",96
37.244.29.18,,"Netgear DG834G WAP or Western Digital WD TV media player",96
37.244.29.35,,"Netgear DG834G WAP or Western Digital WD TV media player",95
37.244.29.53,,"Netgear DG834G WAP or Western Digital WD TV media player",96
37.244.29.107,,"Netgear DG834G WAP or Western Digital WD TV media player",96
37.244.30.80,,"Netgear DG834G WAP or Western Digital WD TV media player",96
37.244.30.176,,"Netgear DG834G WAP or Western Digital WD TV media player",92
37.244.30.178,,"Netgear DG834G WAP or Western Digital WD TV media player",91
37.244.31.170,,"Netgear DG834G WAP or Western Digital WD TV media player",91
37.244.31.189,,"Netgear DG834G WAP or Western Digital WD TV media player",95
37.244.31.208,,"Netgear DG834G WAP or Western Digital WD TV media player",96
37.244.34.48,,"Netgear DG834G WAP or Western Digital WD TV media player",96
37.244.34.127,,"Netgear DG834G WAP or Western Digital WD TV media player",96
37.244.35.67,,"Netgear DG834G WAP or Western Digital WD TV media player",95
37.244.35.122,,"Netgear DG834G WAP or Western Digital WD TV media player",96
37.244.35.164,,"Netgear DG834G WAP or Western Digital WD TV media player",96
37.244.35.186,,"Netgear DG834G WAP or Western Digital WD TV media player",96
37.244.35.201,,"Netgear DG834G WAP or Western Digital WD TV media player",96
37.244.36.48,,"Netgear DG834G WAP or Western Digital WD TV media player",96
37.244.36.123,,"Netgear DG834G WAP or Western Digital WD TV media player",96
37.244.37.198,,"Netgear DG834G WAP or Western Digital WD TV media player",95
37.244.38.9,,"Netgear DG834G WAP or Western Digital WD TV media player",96
37.244.38.85,,"Netgear DG834G WAP or Western Digital WD TV media player",96
37.244.38.227,,"Netgear DG834G WAP or Western Digital WD TV media player",96
37.244.38.250,,"Netgear DG834G WAP or Western Digital WD TV media player",96
37.244.39.4,,"Netgear DG834G WAP or Western Digital WD TV media player",96
37.244.39.17,,"Netgear DG834G WAP or Western Digital WD TV media player",96
37.244.39.43,,"Netgear DG834G WAP or Western Digital WD TV media player",96
37.244.39.70,,"Netgear DG834G WAP or Western Digital WD TV media player",96
37.244.39.212,,"Netgear DG834G WAP or Western Digital WD TV media player",96
37.244.40.90,,"Netgear DG834G WAP or Western Digital WD TV media player",96
37.244.40.128,,"Netgear DG834G WAP or Western Digital WD TV media player",95
37.244.40.164,,"Netgear DG834G WAP or Western Digital WD TV media player",96
37.244.40.186,,"Netgear DG834G WAP or Western Digital WD TV media player",96
37.244.40.190,,"Netgear DG834G WAP or Western Digital WD TV media player",96
37.244.40.213,,"Netgear DG834G WAP or Western Digital WD TV media player",96
37.244.41.30,,"Netgear DG834G WAP or Western Digital WD TV media player",96
37.244.41.164,,"Netgear DG834G WAP or Western Digital WD TV media player",96
37.244.41.198,,"Netgear DG834G WAP or Western Digital WD TV media player",96
37.244.45.34,,"Netgear DG834G WAP or Western Digital WD TV media player",96
37.244.45.38,,"Netgear DG834G WAP or Western Digital WD TV media player",96
37.244.45.155,,"Netgear DG834G WAP or Western Digital WD TV media player",96
37.244.47.16,,"Netgear DG834G WAP or Western Digital WD TV media player",96
37.244.47.75,,"Netgear DG834G WAP or Western Digital WD TV media player",95
37.244.47.190,,"Netgear DG834G WAP or Western Digital WD TV media player",96
37.244.48.108,,"Netgear DG834G WAP or Western Digital WD TV media player",96
37.244.48.121,,"Netgear DG834G WAP or Western Digital WD TV media player",96
37.244.49.7,,"Netgear DG834G WAP or Western Digital WD TV media player",96
37.244.51.206,,"Netgear DG834G WAP or Western Digital WD TV media player",96
37.244.52.18,,"Netgear DG834G WAP or Western Digital WD TV media player",96
37.244.52.28,,"Netgear DG834G WAP or Western Digital WD TV media player",96
37.244.52.66,,"Netgear DG834G WAP or Western Digital WD TV media player",96
37.244.52.138,,"Netgear DG834G WAP or Western Digital WD TV media player",96
37.244.53.67,,"Netgear DG834G WAP or Western Digital WD TV media player",96
37.244.54.29,,"Netgear DG834G WAP or Western Digital WD TV media player",96
37.244.54.172,,"Netgear DG834G WAP or Western Digital WD TV media player",95
37.244.54.202,,"Netgear DG834G WAP or Western Digital WD TV media player",96
37.244.55.18,,"Netgear DG834G WAP or Western Digital WD TV media player",96
37.244.55.30,,"Netgear DG834G WAP or Western Digital WD TV media player",96
37.244.55.55,,"Netgear DG834G WAP or Western Digital WD TV media player",96
37.244.56.43,,"Netgear DG834G WAP or Western Digital WD TV media player",96
37.244.56.106,,"Netgear DG834G WAP or Western Digital WD TV media player",95
37.244.57.32,,"Netgear DG834G WAP or Western Digital WD TV media player",96
37.244.57.69,,"Netgear DG834G WAP or Western Digital WD TV media player",95
37.244.57.116,,"Netgear DG834G WAP or Western Digital WD TV media player",96
37.244.57.156,,"Netgear DG834G WAP or Western Digital WD TV media player",96
37.244.58.70,,"Netgear DG834G WAP or Western Digital WD TV media player",96
37.244.58.144,,"Netgear DG834G WAP or Western Digital WD TV media player",96
37.244.58.248,,"Netgear DG834G WAP or Western Digital WD TV media player",96
37.244.59.32,,"Netgear DG834G WAP or Western Digital WD TV media player",95
37.244.60.234,,"Netgear DG834G WAP or Western Digital WD TV media player",96
37.244.62.198,,"Netgear DG834G WAP or Western Digital WD TV media player",95
37.244.63.105,,"Netgear DG834G WAP or Western Digital WD TV media player",96
37.244.92.137,,"OpenWrt White Russian 0.9 (Linux 2.4.30)",97
37.244.92.150,,"OpenWrt White Russian 0.9 (Linux 2.4.30)",97
37.244.93.20,,"OpenWrt White Russian 0.9 (Linux 2.4.30)",97
37.247.48.140,beat.someone.with.a.broken-pipe.info,"Linux 2.6.32 - 3.2",95
38.111.127.44,ns2.aircomplus.com,"D-Link DI-504 or DI-704P broadband router, or DI-524 WAP",88
38.113.112.208,,"FreeBSD 8.0-CURRENT",86
39.112.43.106,,"Linux 2.6.18",99
39.112.64.1,,"Linux 2.4.31 (Slackware v10.2)",98
39.112.149.233,,"Linux 2.6.18",99
39.113.39.225,,"Netgear DG834G WAP or Western Digital WD TV media player",96
39.113.48.229,,"D-Link DVG-5112S or DVG-6004S VoIP adapter",99
39.113.66.41,,"Linux 2.6.18",98
39.113.95.228,,"Linux 2.6.17 - 2.6.36",97
39.113.136.142,,"Alcatel-Lucent 7750 Service Router (SR OS 9.0.R9)",96
39.113.206.22,,"Linux 2.6.24 - 2.6.25",96
39.114.130.178,,"Linux 2.4.9 - 2.4.18 (likely embedded)",97
39.115.40.11,,"D-Link DVG-5112S or DVG-6004S VoIP adapter",99
39.115.113.169,,"Lantronix SLC 8 terminal server (Linux 2.6)",96
39.116.98.93,,"Linux 2.6.8 - 2.6.27",97
39.116.158.37,,"Linux 2.4.9 - 2.4.18 (likely embedded)",97
39.117.29.139,,"Linux 2.6.18",98
39.117.42.84,,"Linux 2.6.18 - 2.6.32",95
39.117.105.218,,"Linux 2.6.18",99
39.117.138.1,,"Linux 2.6.9 - 2.6.33",96
39.121.72.14,,"Linux 2.6.24 - 2.6.25",96
39.121.179.117,,"LifeSize video conferencing system or ShoreTel 8800 VoIP phone (Linux 2.4)",96
41.56.204.87,iburst-41-56-204-87.iburst.co.za,"OpenWrt (Linux 2.4.32)",98
41.72.219.249,,"Alcatel-Lucent 7750 Service Router (SR OS 9.0.R9)",96
41.128.165.157,,"Juniper Networks ERX-700 router",91
41.136.200.102,,"Android 2.0.1 (Linux 2.6)",96
41.136.200.232,,"ZTE ZXV10 H201 ADSL router",97
41.136.202.208,,"Android 2.0.1 (Linux 2.6)",96
41.136.239.232,,"ZTE ZXV10 H201 ADSL router",97
41.193.2.25,,"Juniper MX960 router (JUNOS 9.5R3.7)",95
41.193.118.9,,"Juniper MX960 router (JUNOS 9.5R3.7)",95
41.196.115.213,host-41-196-115-213.static.link.com.eg,"Comtrend CT536 wireless ADSL router",95
41.215.130.97,,"Android 2.0.1 (Linux 2.6)",99
41.215.137.117,,"Linux 2.4.31 (Slackware v10.2)",97
42.2.33.14,42-2-33-014.static.netvigator.com,"Linux 2.6.16",95
42.2.45.246,42-2-45-246.static.netvigator.com,"LifeSize video conferencing system or ShoreTel 8800 VoIP phone (Linux 2.4)",96
42.2.138.134,42-2-138-134.static.netvigator.com,"D-Link DVG-5112S or DVG-6004S VoIP adapter",96
42.3.142.227,42-3-142-227.static.netvigator.com,"Linux 2.4.18 - 2.4.35 (likely embedded)",96
42.48.64.207,,"Linux 2.4.33 (embedded)",96
42.91.108.240,,"Linux 2.4.33 (embedded)",96
42.114.252.17,,"Juniper M7i router",91
46.0.31.120,dynamicip-46-0-31-120.pppoe.samara.ertelecom.ru,"Microsoft Windows Vista SP2",98
46.0.61.217,dynamicip-46-0-61-217.pppoe.samara.ertelecom.ru,"Microsoft Windows XP SP2 or SP3",96
46.0.111.54,dynamicip-46-0-111-54.pppoe.samara.ertelecom.ru,"Microsoft Windows Vista SP2",98
46.0.120.69,dynamicip-46-0-120-69.pppoe.samara.ertelecom.ru,"Microsoft Windows XP SP2 or SP3",95
46.0.120.139,dynamicip-46-0-120-139.pppoe.samara.ertelecom.ru,"Microsoft Windows Vista SP2",98
46.0.181.76,dynamicip-46-0-181-76.pppoe.samara.ertelecom.ru,"Microsoft Windows Vista SP2",98
46.0.184.186,dynamicip-46-0-184-186.pppoe.samara.ertelecom.ru,"Microsoft Windows Vista SP2",97
46.0.184.229,dynamicip-46-0-184-229.pppoe.samara.ertelecom.ru,"Microsoft Windows Vista SP2",98
46.0.188.23,dynamicip-46-0-188-23.pppoe.samara.ertelecom.ru,"Microsoft Windows XP SP2 or Windows Server 2003 SP2",96
46.0.189.17,dynamicip-46-0-189-17.pppoe.samara.ertelecom.ru,"Microsoft Windows Vista SP2",98
46.0.189.172,dynamicip-46-0-189-172.pppoe.samara.ertelecom.ru,"Microsoft Windows Server 2008 SP1",96
46.0.223.143,46x0x223x143.static-customer.samara.ertelecom.ru,"Microsoft Windows Vista SP2",99
46.0.226.112,46x0x226x112.static-customer.samara.ertelecom.ru,"Microsoft Windows Server 2008 SP2",96
46.0.226.182,46x0x226x182.static-customer.samara.ertelecom.ru,"Microsoft Windows XP SP2",91
46.0.230.39,46x0x230x39.static-customer.samara.ertelecom.ru,"Microsoft Windows Server 2003 SP2",92
46.0.235.16,46x0x235x16.static-customer.samara.ertelecom.ru,"Linksys WRV54G WAP",96
46.1.33.203,,"ZyXEL Prestige 600-series ADSL router",97
46.1.34.88,,"LaCie NAS device (Windows XP Embedded)",89
46.1.42.245,46-1-42-245.milleni.com.tr,"Linux 2.6.15 - 2.6.27",95
46.1.50.28,46-1-50-28.milleni.com.tr,"ZyXEL Prestige 660R ADSL router",96
46.1.57.194,46-1-57-194.milleni.com.tr,"Linksys RV042 router",97
46.1.95.247,,"Linksys WRV54G WAP",98
46.1.145.11,,"Linksys RV042 router",97
46.1.159.195,46-1-159-195.milleni.com.tr,"Linksys WRV54G WAP",97
46.1.168.219,,"Linksys RV042 router",97
46.2.7.221,,"Linksys WRV54G WAP",94
46.2.31.160,,"Linksys WRV54G WAP",96
46.2.41.111,,"ADSL router: Huawei MT800u-T; or ZyXEL Prestige 623ME-T1, 643, 662HW-61, 782, or 2602R-61",97
46.4.115.163,static.163.115.4.46.clients.your-server.de,"Crestron XPanel control system",98
46.10.94.215,46-10-94-215.btc-net.bg,"Linux 2.6.15 - 2.6.27",97
46.10.98.60,46-10-98-60.btc-net.bg,"Linux 2.6.15 - 2.6.27",99
46.10.157.161,46-10-157-161.btc-net.bg,"Juniper M7i router",92
46.10.157.233,46-10-157-233.btc-net.bg,"Juniper Networks J2320 or MX5-T router; or EX2200, EX3200, EX4200, or EX8200 switch (JUNOS 8.5 - 11.2)",92
46.10.235.39,46-10-235-39.btc-net.bg,"Linux 2.4.21 - 2.4.27",96
46.12.96.137,46.12.96.137.dsl.dyn.forthnet.gr,"Linksys RV042 router",97
46.16.11.85,85.11.16.46.sub.tsl.ru,"Microsoft Windows Server 2008 SP1",96
46.17.128.6,,"Juniper Networks J2320 or MX5-T router; or EX2200, EX3200, EX4200, or EX8200 switch (JUNOS 8.5 - 11.2)",97
46.18.223.8,46-18-223-8.virtual1.co.uk,"Juniper M7i router",91
46.18.223.15,46-18-223-15.virtual1.co.uk,"Juniper Networks J2320 or MX5-T router; or EX2200, EX3200, EX4200, or EX8200 switch (JUNOS 8.5 - 11.2)",93
46.18.223.186,46-18-223-186.virtual1.co.uk,"Juniper MX960 router (JUNOS 9.5R3.7)",91
46.19.97.213,ip-46-19-97-213.gnc.net,"Juniper JUNOS 9.4R2.9",90
46.20.32.47,,"BeaconMedaes TotalAlert medical gas alarm",93
46.20.60.71,host-060-071.miedzyrzecz.com.pl,"Linux 2.6.38 - 3.0",96
46.20.73.17,46.20.73.17.samara-ttk.ru,"Linux 2.6.38",97
46.22.65.100,,"Linux 2.6.19 - 2.6.36",98
46.28.66.143,,"OpenWrt White Russian 0.9 (Linux 2.4.30)",97
46.28.67.33,functionality-best-a.agreeablerobin.net,"Check Point GAiA (Linux 2.6.18)",97
46.29.90.64,,"Linux 2.6.9 - 2.6.33",96
46.29.91.2,,"Juniper Networks J2320 or MX5-T router; or EX2200, EX3200, EX4200, or EX8200 switch (JUNOS 8.5 - 11.2)",95
46.29.211.237,,"OpenWrt (Linux 2.4.32)",98
46.29.214.143,,"OpenWrt (Linux 2.4.32)",98
46.29.214.192,,"OpenWrt (Linux 2.4.32)",98
46.29.215.33,,"OpenWrt (Linux 2.4.32)",98
46.29.215.217,,"OpenWrt (Linux 2.4.32)",98
46.30.121.42,,"OpenBSD 5.2",97
46.31.44.102,,"Linux 2.6.32 - 2.6.35",95
46.33.66.165,,"Linux 2.6.32 - 3.2",94
46.33.68.186,,"Microsoft Windows Vista SP0 - SP2, Windows Server 2008, or Windows 7 Ultimate",93
46.33.69.128,,"Linux 2.6.32 - 3.2",94
46.33.69.211,,"Linux 2.6.32 - 3.2",95
46.33.70.205,,"Linux 2.6.32 - 3.2",98
46.33.72.9,,"Linux 2.6.32 - 3.2",98
46.33.74.133,,"Linux 2.6.32 - 3.2",98
46.34.89.35,host035.46-34-89.rev.eu.terremark.com,"Citrix NetScaler load balancer",83
46.34.91.183,,"Redback Networks SmartEdge 600 router (SmartEdge OS)",82
46.35.48.145,,"Linux 2.6.19 - 2.6.36",97
46.35.48.213,,"Linux 2.6.19 - 2.6.36",97
46.35.48.235,,"Linux 2.6.19 - 2.6.36",97
46.35.50.193,,"Juniper MX960 router (JUNOS 9.5R3.7)",97
46.35.51.105,,"Juniper MX960 router (JUNOS 9.5R3.7)",97
46.35.51.124,,"Linux 2.6.19 - 2.6.36",97
46.35.53.140,,"Linux 2.6.32 - 2.6.35",95
46.35.56.85,,"Linux 2.6.19 - 2.6.36",97
46.35.56.124,,"Linux 2.6.19 - 2.6.36",97
46.35.58.143,,"Linux 2.6.19 - 2.6.36",97
46.35.58.150,,"Linux 2.6.19 - 2.6.36",97
46.35.58.173,,"Linux 2.6.19 - 2.6.36",97
46.35.58.181,,"Linux 2.6.19 - 2.6.36",97
46.35.58.246,,"Linux 2.6.19 - 2.6.36",97
46.35.62.1,,"Juniper MX960 router (JUNOS 9.5R3.7)",97
46.35.62.32,,"Linux 2.6.19 - 2.6.36",97
46.35.62.33,,"Linux 2.6.19 - 2.6.36",97
46.35.62.38,,"Linux 2.6.19 - 2.6.36",97
46.35.62.64,,"Linux 2.6.19 - 2.6.36",97
46.35.62.100,,"Linux 2.6.32",97
46.35.62.115,,"Linux 2.6.32",94
46.35.62.126,,"Linux 2.6.19 - 2.6.36",97
46.35.240.148,148-240-35-46.host.sevstar.net,"Microsoft Windows Server 2003 R2 SP1",96
46.38.61.102,EKOPSY-KONSALTING.tel.ru,"Linux 2.6.24 - 2.6.36",95
46.40.73.29,,"FreeBSD 7.0-RELEASE-p1 - 10.0-CURRENT",96
46.40.73.109,,"FreeBSD 7.1-RELEASE",92
46.40.73.222,,"Linux 2.6.13 - 2.6.32",96
46.40.76.25,46-40-76-25.stz.ddns.bulsat.com,"Linux 2.6.9 - 2.6.19",96
46.40.77.82,46-40-77-82.stz.ddns.bulsat.com,"Linux 2.6.32 - 2.6.35",93
46.40.78.205,46-40-78-205.stz.ddns.bulsat.com,"Linux 2.6.32 - 2.6.35",95
46.40.79.239,jack.stz.ddns.bulsat.com,"Linux 2.6.9 - 2.6.19",96
46.40.79.59,46-40-79-59.stz.ddns.bulsat.com,"Linux 2.6.9 - 2.6.19",96
46.40.82.195,46-40-82-195.slvn.ddns.bulsat.com,"Microsoft Windows XP SP2 or SP3, or Windows Server 2003",96
46.40.98.216,46-40-98-216.slvn.ddns.bulsat.com,"Microsoft Windows XP SP2 or Windows Server 2003 SP2",99
46.40.98.223,46-40-98-223.slvn.ddns.bulsat.com,"Microsoft Windows Server 2008 SP2",95
46.40.111.159,46-40-111-159.dbr.ddns.bulsat.com,"Linux 2.4.9 - 2.4.18 (likely embedded)",97
46.40.115.164,46-40-115-164.sf.ddns.bulsat.com,"Microsoft Windows 7 or Windows Server 2008 R2",95
46.40.116.109,46-40-116-109.dbr.ddns.bulsat.com,"BT Vision+ set-top box (Windows CE 5.0.1400)",89
46.43.218.14,46-43-218-14.achinsk.net,"Microsoft Windows 7 SP1 or Windows Server 2008 SP2",89
46.46.48.234,,"Microsoft Windows Vista SP1",99
46.46.56.165,,"Microsoft Windows Vista SP1",98
46.46.145.109,,"Juniper M7i router",97
46.46.145.129,,"Juniper M7i router",97
46.46.146.173,,"Juniper M7i router",97
46.47.80.21,mail.studio-cad.com,"FreeBSD 7.0-RELEASE-p1 - 10.0-CURRENT",96
46.47.80.99,,"Linux 2.6.9 - 2.6.33",96
46.47.80.103,,"Linux 2.6.24 - 2.6.36",96
46.47.81.81,,"Linux 2.6.19 - 2.6.36",96
46.47.82.219,,"Linux 2.6.18",95
46.47.83.164,,"Linux 2.6.32 - 2.6.35",95
46.47.84.88,46-47-84-88.haskovo.ddns.bulsat.com,"Linux 2.6.32 - 2.6.35",95
46.47.85.161,,"LifeSize video conferencing system or ShoreTel 8800 VoIP phone (Linux 2.4)",96
46.47.85.230,,"Aastra RFP L32 IP DECT WAP",96
46.47.91.194,46-47-91-194.pz.ddns.bulsat.com,"Linux 2.4.9 - 2.4.18 (likely embedded)",97
46.47.123.43,46-47-123-43.jmb.ddns.bulsat.com,"Netgear GS108T or GS748Tv3 switch (eCos)",96
46.47.164.237,,"Aerohive HiveAP 320 WAP (HiveOS 3.4)",95
46.47.175.133,,"Aerohive HiveAP 320 WAP (HiveOS 3.4)",94
46.47.194.137,,"Juniper MX960 router (JUNOS 9.5R3.7)",95
46.47.201.17,,"Juniper M7i router",93
46.47.208.41,,"Juniper MX960 router (JUNOS 9.5R3.7)",95
46.47.212.137,,"Juniper M7i router",95
46.47.218.158,,"HP ProCurve 2524 switch",96
46.47.219.33,,"Juniper JUNOS 10.4R6.5",93
46.47.221.1,,"Juniper JUNOS 10.4R6.5",94
46.47.227.109,,"Juniper MX960 router (JUNOS 9.5R3.7)",95
46.47.230.1,,"Juniper JUNOS 10.4R6.5",93
46.47.232.225,,"Juniper M7i router",95
46.47.246.149,,"Juniper MX960 router (JUNOS 9.5R3.7)",96
46.47.246.233,,"Juniper M7i router",97
46.47.254.217,,"Juniper M7i router",95
46.47.255.49,,"Juniper MX960 router (JUNOS 9.5R3.7)",95
46.47.255.84,,"Linux 2.6.36 - 2.6.37",93
46.48.51.184,46.48.51.184-FTTB.planeta.tc,"Microsoft Windows 7 SP0 - SP1, or Windows Server 2008",97
46.50.166.56,host-46-50-166-56.bbcustomer.zsttk.net,"Microsoft Windows XP SP2 or SP3",96
46.51.31.76,no-reverse.netserv.ro,"Linux 2.6.24 - 2.6.36",96
46.51.31.247,no-reverse.netserv.ro,"Linux 2.6.24 - 2.6.36",96
46.51.42.96,no-reverse.netserv.ro,"Linux 2.6.32 - 3.2",95
46.51.42.163,no-reverse.netserv.ro,"Linux 2.6.32 - 3.2",95
46.51.43.85,no-reverse.netserv.ro,"Linux 2.6.32 - 3.2",95
46.51.44.137,no-reverse.netserv.ro,"Linux 2.6.32 - 3.2",95
46.51.45.83,no-reverse.netserv.ro,"Linux 2.6.32 - 3.2",95
46.51.59.105,no-reverse.netserv.ro,"Linux 2.6.32 - 3.2",95
46.51.75.5,no-reverse.netserv.ro,"Linux 2.6.32 - 3.2",95
46.51.81.76,no-reverse.netserv.ro,"Linux 2.6.32 - 3.2",95
46.51.85.144,no-reverse.netserv.ro,"Linux 2.6.32 - 3.2",95
46.51.112.78,no-reverse.netserv.ro,"Linux 2.6.32 - 3.2",95
46.52.136.101,,"VBrick 4300 video encoder",92
46.52.174.230,,"Asus RX4031 or TRENDnet TW100-S4W1CA router",89
46.55.222.1,,"Linux 2.6.32 - 3.9",96
46.55.222.5,,"Linux 2.6.32 - 3.9",96
46.61.175.245,,"AMX AVB-RX-DXLINK-HDMI audio/video receiver",93
46.61.186.43,,"Linux 2.6.24 - 2.6.36",96
46.63.41.45,pool-46-63-41-45.x-city.ua,"Microsoft Windows XP SP3 or Windows Server 2003",92
46.63.66.50,pool-46-63-66-50.x-city.ua,"Netgear DG834G WAP or Western Digital WD TV media player",96
46.63.108.23,,"FreeBSD 8.0-RELEASE",99
46.71.94.148,,"Linksys WRV54G WAP",96
46.73.26.60,ip-46-73-26-60.bb.netbynet.ru,"Avocent DSR1021 KVM switch",96
46.73.57.181,ip-46-73-57-181.bb.netbynet.ru,"Microsoft Windows Vista SP2",98
46.73.134.197,ip-46-73-134-197.bb.netbynet.ru,"Sveasoft Talisman 2.0 (Linux 2.4.33.7)",97
46.73.179.248,ip-46-73-179-248.bb.netbynet.ru,"Microsoft Windows XP SP2 or Windows Server 2003 SP2",96
46.73.206.89,ip-46-73-206-89.bb.netbynet.ru,"Microsoft Windows Server 2008 SP1",96
46.73.209.116,ip-46-73-209-116.bb.netbynet.ru,"Microsoft Windows 7 SP1 or Windows Server 2008 SP2",95
46.73.236.247,ip-46-73-236-247.bb.netbynet.ru,"Microsoft Windows Vista SP2",98
46.98.5.184,184.5.PPPoE.fregat.ua,"Comtrend CT536 wireless ADSL router",96
46.98.12.71,71.12.PPPoE.fregat.ua,"Microsoft Windows XP SP3",96
46.98.17.152,152.17.PPPoE.fregat.ua,"Microsoft Windows Vista SP2",99
46.98.22.6,6.22.PPPoE.fregat.ua,"Microsoft Windows XP SP2 or SP3, or Windows Embedded Standard 2009",96
46.98.32.248,248.32.PPPoE.fregat.ua,"Microsoft Windows Vista SP2",98
46.98.33.109,109.33.PPPoE.fregat.ua,"Microsoft Windows XP SP2 or Windows Server 2003 SP2",96
46.98.68.189,189.68.PPPoE.fregat.ua,"Microsoft Windows XP SP2 or SP3",96
46.98.90.77,77.90.PPPoE.fregat.ua,"Microsoft Windows XP SP2 or SP3",96
46.98.130.209,,"Microsoft Windows XP SP2 or SP3",96
46.98.156.172,,"Microsoft Windows Vista SP2",97
46.98.195.91,,"Microsoft Windows Vista",96
46.101.130.82,,"Source Technologies ST-9650 printer",94
46.101.131.196,,"Comtrend CT536 wireless ADSL router",93
46.101.133.158,,"Comtrend CT536 wireless ADSL router",93
46.101.135.33,,"Source Technologies ST-9650 printer",94
46.101.137.144,,"Linux 2.6.18 - 2.6.32",95
46.101.140.163,,"Linux 2.6.18",95
46.101.143.24,,"Source Technologies ST-9650 printer",94
46.101.144.207,,"Linux 2.6.18 - 2.6.32",95
46.101.146.141,,"Linux 2.6.18",95
46.101.147.80,,"Linux 2.6.18",95
46.101.148.13,,"Source Technologies ST-9650 printer",94
46.101.149.42,,"Source Technologies ST-9650 printer",94
46.101.149.52,,"Source Technologies ST-9650 printer",94
46.101.149.134,,"Source Technologies ST-9650 printer",94
46.101.149.155,,"Linux 2.6.18",95
46.101.150.73,,"Source Technologies ST-9650 printer",94
46.101.150.78,,"Source Technologies ST-9650 printer",94
46.101.150.95,,"Source Technologies ST-9650 printer",94
46.101.150.100,,"Comtrend CT536 wireless ADSL router",93
46.101.150.114,,"Comtrend CT536 wireless ADSL router",93
46.101.150.118,,"Source Technologies ST-9650 printer",94
46.101.153.70,,"Linux 2.6.18 - 2.6.32",95
46.101.156.143,,"Linux 2.6.18",95
46.103.43.92,46-43-92.adsl.cyta.gr,"T-Home Speedport W 504V WAP",99
46.103.47.150,46-47-150.adsl.cyta.gr,"T-Home Speedport W 504V WAP",95
46.103.98.216,46-98-216.adsl.cyta.gr,"SMC SMC7908A-ISP router",97
46.103.99.225,46-99-225.adsl.cyta.gr,"T-Home Speedport W 504V WAP",99
46.103.150.159,46-150-159.adsl.cyta.gr,"T-Home Speedport W 504V WAP",99
46.103.151.229,46-151-229.adsl.cyta.gr,"T-Home Speedport W 504V WAP",99
46.103.154.220,46-154-220.adsl.cyta.gr,"T-Home Speedport W 504V WAP",99
46.103.160.238,46-160-238.adsl.cyta.gr,"T-Home Speedport W 504V WAP",99
46.105.1.161,vps10626.ovh.net,"Linux 2.6.38 - 3.0",95
46.105.9.35,vps13733.ovh.net,"Linux 2.6.38 - 3.0",95
46.105.20.244,vps16769.ovh.net,"Linux 2.6.32 - 3.2",99
46.107.153.129,2E6B9981.dsl.pool.telekom.hu,"Roku 2 XS media player (Linux 2.6.32)",99
46.108.5.2,aries-networks-e.ge.adnettelecom.ro,"Linux 2.6.5-7.283-smp (SuSE Enterprise Server 9, x86)",91
46.109.24.200,,"Microsoft Windows XP SP2 or SP3, or Windows Server 2003",95
46.109.42.159,,"Microsoft Windows XP SP2",95
46.109.81.111,,"Linux 2.4.32 (x86)",96
46.109.110.122,,"Linux 2.6.8 - 2.6.12",95
46.109.188.153,,"Linux 2.6.13 - 2.6.32",96
46.111.1.62,,"Juniper MX960 router (JUNOS 9.5R3.7)",94
46.116.182.198,46-116-182-198.bb.netvision.net.il,"Microsoft Windows 7 Ultimate",96
46.118.14.8,SOL-FTTB.8.14.118.46.sovam.net.ua,"Microsoft Windows XP Professional SP2",98
46.118.47.94,SOL-FTTB.94.47.118.46.sovam.net.ua,"Microsoft Windows XP Professional SP2",97
46.118.85.98,SOL-FTTB.98.85.118.46.sovam.net.ua,"Microsoft Windows XP SP2 or SP3",96
46.118.195.141,SOL-FTTB.141.195.118.46.sovam.net.ua,"HP P2000 G3 NAS device",98
46.118.241.81,SOL-FTTB.81.241.118.46.sovam.net.ua,"Microsoft Windows XP SP2 or SP3, or Windows Embedded Standard 2009",96
46.119.9.207,SOL-FTTB.207.9.119.46.sovam.net.ua,"Microsoft Windows XP SP2 or SP3",94
46.119.39.6,SOL-FTTB.6.39.119.46.sovam.net.ua,"Microsoft Windows XP Professional SP2",98
46.119.155.140,,"Microsoft Windows Server 2003 SP2",98
46.119.192.178,,"Microsoft Windows Vista",97
46.119.207.45,,"Microsoft Windows Vista SP2",99
46.119.207.194,,"Microsoft Windows Server 2008 SP1",98
46.119.219.72,,"Microsoft Windows XP SP3",95
46.119.250.167,,"Microsoft Windows XP Professional SP2",98
46.119.255.28,,"Microsoft Windows XP SP2",94
46.119.255.188,,"Microsoft Windows XP SP2 or SP3",99
46.137.101.102,ec2-46-137-101-102.eu-west-1.compute.amazonaws.com,"Sagem My du@l radio 700 Internet radio",84
46.146.41.250,net41-250.perm.ertelecom.ru,"Microsoft Windows Vista SP2",97
46.146.130.147,net130-147.perm.ertelecom.ru,"Microsoft Windows XP SP2 or Windows Server 2003 SP2",96
46.146.160.115,net160-115.perm.ertelecom.ru,"Microsoft Windows Vista SP2",97
46.146.166.170,net166-170.perm.ertelecom.ru,"Microsoft Windows XP SP3",96
46.146.196.45,net196-45.perm.ertelecom.ru,"Microsoft Windows Vista SP2",98
46.146.205.222,net205-222.perm.ertelecom.ru,"AT&T U-Verse set-top box (Windows CE 5.0)",95
46.146.215.188,net215-188.perm.ertelecom.ru,"Microsoft Windows XP SP2 or SP3",96
46.146.219.129,net219-129.perm.ertelecom.ru,"OpenWrt Kamikaze 7.09 (Linux 2.6.22)",95
46.147.23.39,46x147x23x39.dynamic.perm.ertelecom.ru,"Microsoft Windows Vista SP2",98
46.147.27.204,46x147x27x204.dynamic.perm.ertelecom.ru,"Microsoft Windows XP SP2 or Windows Server 2003 SP2",96
46.147.67.172,dynamicip-67-147-46-172.pppoe.chelny.ertelecom.ru,"Microsoft Windows XP SP2 or SP3",96
46.147.69.145,dynamicip-69-147-46-145.pppoe.chelny.ertelecom.ru,"Microsoft Windows Vista SP2",96
46.147.74.87,dynamicip-74-147-46-87.pppoe.chelny.ertelecom.ru,"Microsoft Windows Vista SP2",97
46.147.90.3,dynamicip-90-147-46-3.pppoe.chelny.ertelecom.ru,"Microsoft Windows Vista SP2",99
46.147.93.227,dynamicip-93-147-46-227.pppoe.chelny.ertelecom.ru,"Microsoft Windows Vista SP2",99
46.147.121.204,,"Microsoft Windows Vista SP2",97
46.147.122.54,,"Microsoft Windows XP SP2 or SP3",96
46.147.126.118,,"Microsoft Windows Vista SP2",99
46.147.127.56,,"Microsoft Windows Vista",96
46.147.150.151,net150.79.95-151.izhevsk.ertelecom.ru,"Microsoft Windows XP SP2 or SP3",96
46.147.152.38,net152.79.95-38.izhevsk.ertelecom.ru,"Microsoft Windows XP SP2 or SP3",96
46.147.192.249,46x147x192x249.dynamic.tula.ertelecom.ru,"Microsoft Windows Vista SP2",98
46.147.222.101,46x147x222x101.dynamic.rostov.ertelecom.ru,"Microsoft Windows XP SP2 or Windows Server 2003 SP2",96
46.147.248.206,46x147x248x206.dynamic.kirov.ertelecom.ru,"Microsoft Windows XP SP2 or SP3",96
46.148.59.236,46-148-59-236.arznet.ru,"Microsoft Windows Server 2003",89
46.148.61.122,46-148-61-122.arznet.ru,"Microsoft Windows Server 2008 SP2",86
46.150.57.84,46-150-57-84.cable.teleing.net,"LifeSize video conferencing system or ShoreTel 8800 VoIP phone (Linux 2.4)",96
46.151.233.81,,"Linksys SPA942, SPA962, or SPA9000 VoIP phone; SPA3102 VoIP adapter; or Sipura SPA-2100-series VoIP adapter",86
46.151.237.147,,"Linksys SPA942, SPA962, or SPA9000 VoIP phone; SPA3102 VoIP adapter; or Sipura SPA-2100-series VoIP adapter",86
46.151.250.89,,"Microsoft Windows Vista SP2",98
46.151.251.18,,"Microsoft Windows 2000 or Windows Server 2003 SP1",91
46.151.252.52,,"FreeBSD 7.0-RELEASE",98
46.151.252.215,,"FreeBSD 7.0-RELEASE",98
46.158.113.115,,"Linux 2.6.15 - 2.6.27",97
46.159.23.246,,"Linux 2.6.14 (ASPLinux 11)",95
46.159.221.14,,"Microsoft Windows XP SP2 or SP3",96
46.160.104.65,46.160.104.65.format-tv.net,"Microsoft Windows XP SP3",96
46.161.20.234,,"Linux 2.6.32",99
46.161.28.103,,"Linux 2.6.32 - 2.6.35",95
46.164.22.215,cpe-46-164-22-215.dynamic.amis.net,"Microsoft Windows XP SP2 or SP3",96
46.164.28.38,cpe-46-164-28-38.dynamic.amis.net,"Linux 2.6.18 (Debian 4.0, x86)",96
46.164.129.178,,"Linux 2.6.32 - 3.2",95
46.164.131.58,,"Microsoft Windows Server 2003 SP1 or SP2",99
46.164.147.42,,"FreeBSD 7.0-RELEASE",99
46.164.193.225,,"Microsoft Windows XP Professional SP2",96
46.165.211.188,hosted.by.leaseweb.com,"APC AOS 5.1.1",98
46.166.65.241,,"Microsoft Windows XP SP2 or SP3",96
46.166.111.51,,"Microsoft Windows XP SP2",95
46.166.114.244,,"Microsoft Windows Vista SP2",98
46.167.1.161,,"Juniper MX960 router (JUNOS 9.5R3.7)",97
46.167.2.129,,"Juniper MX960 router (JUNOS 9.5R3.7)",97
46.167.6.190,,"Linux 2.6.32",97
46.167.8.175,,"Linux 2.6.32",97
46.167.8.254,,"Linux 2.6.18 - 2.6.32",95
46.167.9.178,,"Linux 2.6.32",97
46.167.10.136,,"Linux 2.6.19 - 2.6.36",97
46.167.10.236,,"Linux 2.6.18",95
46.167.11.129,,"Juniper JUNOS 10.4R6.5",95
46.167.12.193,,"Juniper MX960 router (JUNOS 9.5R3.7)",97
46.167.15.137,,"Linux 2.6.19 - 2.6.36",97
46.167.17.134,,"Linux 2.6.32",97
46.167.19.167,,"Linux 2.6.32",96
46.167.20.165,,"Linux 2.6.32 - 2.6.35",95
46.167.21.174,,"Linux 2.6.32",97
46.167.22.251,,"Linux 2.6.18 - 2.6.32",95
46.167.24.161,,"Juniper JUNOS 10.4R6.5",94
46.167.27.179,,"Netgear DG834G WAP or Western Digital WD TV media player",96
46.167.29.245,,"Linux 2.6.20-1 (Fedora Core 5)",98
46.167.32.167,,"DD-WRT v23 - v24-sp2 (Linux 2.4.20 - 2.4.37)",93
46.167.33.186,,"Linux 2.6.19 - 2.6.36",97
46.167.34.179,,"Linux 2.6.19 - 2.6.36",97
46.167.36.243,,"Linux 2.6.18 - 2.6.32",95
46.167.39.146,,"Linux 2.6.19 - 2.6.36",97
46.167.39.164,,"Linux 2.6.19 - 2.6.36",97
46.167.39.167,,"Linux 2.6.19 - 2.6.36",97
46.167.39.252,,"Linux 2.6.18 - 2.6.32",95
46.167.40.153,,"Linux 2.6.19 - 2.6.36",97
46.167.40.161,,"Linux 2.6.19 - 2.6.36",97
46.167.42.160,,"Linux 2.6.32",97
46.167.44.138,,"Linux 2.6.19 - 2.6.36",97
46.167.46.149,,"Linux 2.6.19 - 2.6.36",97
46.167.46.177,,"Linux 2.6.19 - 2.6.36",97
46.167.48.131,,"Linux 2.6.19 - 2.6.36",97
46.167.48.158,,"Linux 2.6.19 - 2.6.36",97
46.167.48.193,,"Juniper MX960 router (JUNOS 9.5R3.7)",97
46.167.51.154,,"Linux 2.6.19 - 2.6.36",97
46.167.53.220,,"Linux 2.6.31 - 2.6.35",98
46.167.55.141,,"Linux 2.6.19 - 2.6.36",97
46.167.55.145,,"Linux 2.6.19 - 2.6.36",97
46.167.58.146,,"Linux 2.6.19 - 2.6.36",97
46.167.59.149,,"Linux 2.6.19 - 2.6.36",97
46.167.96.204,204.96.167.46.vpn.mgn.ru,"Microsoft Windows XP SP3",95
46.167.114.81,v-29176-unlim.vpn.mgn.ru,"Linux 2.4.33 (embedded)",96
46.167.131.90,start.florencemidsummer.net,"Microsoft Windows Vista SP0 - SP2, Windows Server 2008, or Windows 7 Ultimate",95
46.170.145.119,ovp119.internetdsl.tpnet.pl,"OpenWrt (Linux 2.4.32)",94
46.171.101.53,pdx53.internetdsl.tpnet.pl,"Linksys WRV54G WAP",95
46.172.183.16,46.172.183.16.pppoe.chitaonline.ru,"Microsoft Windows XP SP2 or SP3",96
46.172.201.130,host-46-172-201-130.mirgiga.net,"Microsoft Windows XP Professional SP2 or SP3",99
46.173.90.173,,"AT&T U-Verse set-top box (Windows CE 5.0)",95
46.173.92.182,,"Microsoft Windows XP SP2 or SP3",95
46.173.110.254,,"Netgear DG834G WAP or Western Digital WD TV media player",96
46.173.122.254,,"SNR SNR-S2960 switch",99
46.173.177.160,pppoe-46.173.177.160.itech.ru,"Microsoft Windows Vista SP2",98
46.174.35.232,232.35.novosedly.net,"Linksys WRV54G WAP",95
46.174.35.233,233.35.novosedly.net,"NAS device (Linux 2.6.15): GalaxyMetalGear 4500MGB, Icy Box IB-NAS4220-B, or MRT Dual GigaNAS",96
46.174.36.8,8.36.novosedly.net,"Sveasoft Talisman 2.0 (Linux 2.4.33.7)",97
46.174.36.10,10.36.novosedly.net,"MikroTik RouterOS 3.30",97
46.174.36.15,15.36.novosedly.net,"Sveasoft Talisman 2.0 (Linux 2.4.33.7)",97
46.174.38.70,70.38.novosedly.net,"NAS device (Linux 2.6.15): GalaxyMetalGear 4500MGB, Icy Box IB-NAS4220-B, or MRT Dual GigaNAS",92
46.174.52.74,,"Linux 2.6.31",96
46.174.220.133,v23-133.sivash.in.ua,"Linux 2.6.18",95
46.175.65.51,res65-51.mediana.net.ua,"Microsoft Windows Vista SP1",96
46.175.98.70,46.175.98.70.pool.vkristalle.ru,"Microsoft Windows Vista SP2",97
46.175.103.33,46.175.103.33.pool.vkristalle.ru,"Microsoft Windows XP SP2 or SP3",96
46.175.103.158,46.175.103.158.pool.vkristalle.ru,"Microsoft Windows Vista SP2",99
46.175.103.185,46.175.103.185.pool.vkristalle.ru,"Microsoft Windows XP SP2 or SP3",96
46.175.160.35,nat.46-175-160-35.norma4.ks.ua,"Linux 2.6.32",93
46.175.160.48,nat.46-175-160-48.norma4.ks.ua,"Linux 2.6.26",94
46.175.184.129,,"Linux 2.6.32",99
46.175.205.165,46-175-205-165.dynamic.pool.amtmgts.ru,"Linux 2.6.22",98
46.180.83.34,,"D-Link DVG-5112S or DVG-6004S VoIP adapter",96
46.180.238.111,,"LifeSize video conferencing system or ShoreTel 8800 VoIP phone (Linux 2.4)",96
46.181.226.205,,"D-Link DVG-5112S or DVG-6004S VoIP adapter",96
46.182.27.3,,"Linux 2.6.32",99
46.182.30.113,,"Linux 3.2",95
46.182.85.133,,"FreeBSD 7.0-RELEASE-p1 - 10.0-CURRENT",97
46.182.85.160,,"FreeBSD 7.0-RELEASE",94
46.182.85.169,,"FreeBSD 7.0-BETA4 - 7.0",96
46.182.85.235,,"FreeBSD 7.0-RELEASE",92
46.182.106.116,,"Microsoft Windows 7 SP0 - SP1, Windows Server 2008 SP1, or Windows 8",99
46.182.202.82,46.182.202.82.c.fiberdirekt.net,"Linux 2.6.19 - 2.6.36",96
46.182.203.1,46.182.203.1.c.fiberdirekt.net,"Linux 2.6.19 - 2.6.36",96
46.183.97.149,dyn-46.183.97.149.relaix.net,"IPCop firewall 1.4.21 (Linux 2.4.36)",94
46.183.98.58,dyn-46.183.98.58.relaix.net,"IPCop firewall 1.4.21 (Linux 2.4.36)",92
46.185.13.4,46-185-13-4-kie.broadband.kyivstar.net,"Microsoft Windows XP SP3",97
46.185.53.10,,"Microsoft Windows XP SP2 or SP3",96
46.185.195.237,46.185.x.237.go.com.jo,"Linux 2.4.33 (embedded)",96
46.190.221.126,,"Gemtek P360 WAP or Siemens Gigaset SE515dsl wireless broadband router",94
46.196.142.5,,"Alcatel-Lucent 7750 Service Router (SR OS 9.0.R9)",96
46.196.229.133,,"Alcatel-Lucent 7750 Service Router (SR OS 9.0.R9)",96
46.196.235.85,,"Alcatel-Lucent 7750 Service Router (SR OS 9.0.R9)",96
46.196.244.133,,"Alcatel-Lucent 7750 Service Router (SR OS 9.0.R9)",96
46.197.130.193,,"Alcatel-Lucent 7750 Service Router (SR OS 9.0.R9)",96
46.197.246.5,,"Alcatel-Lucent 7750 Service Router (SR OS 9.0.R9)",96
46.198.52.103,46-198-52-103.adsl.cyta.gr,"SMC SMC7908A-ISP router",95
46.198.74.20,46-198-74-20.adsl.cyta.gr,"Arcor-Easy Box A 300 WLAN wireless ADSL router",99
46.198.97.163,46-198-97-163.adsl.cyta.gr,"Belkin F5D7230-4 WAP or SMC SMC7008ABR router",97
46.198.104.237,46-198-104-237.adsl.cyta.gr,"SMC SMC7904WBRA wireless ADSL router or T-Home Speedport W 700V WAP",93
46.198.104.252,46-198-104-252.adsl.cyta.gr,"T-Home Speedport W 504V WAP",97
46.198.107.141,46-198-107-141.adsl.cyta.gr,"T-Home Speedport W 504V WAP",97
46.198.117.28,46-198-117-28.adsl.cyta.gr,"T-Home Speedport W 504V WAP",93
46.200.101.240,240-101-200-46.pool.ukrtel.net,"Microsoft Windows XP SP2 or SP3",95
46.200.114.132,132-114-200-46.pool.ukrtel.net,"Microsoft Windows XP SP3",96
46.200.120.188,188-120-200-46.pool.ukrtel.net,"Microsoft Windows XP SP2 or Windows Server 2003 SP2",96
46.200.174.32,32-174-200-46.pool.ukrtel.net,"ADSL router: Huawei MT800u-T; or ZyXEL Prestige 623ME-T1, 643, 662HW-61, 782, or 2602R-61",96
46.200.207.162,162-207-200-46.pool.ukrtel.net,"Linux 2.6.14 - 2.6.30",97
46.201.154.249,249-154-201-46.pool.ukrtel.net,"Linux 2.4.26 (Slackware 10.0.0)",89
46.201.176.236,236-176-201-46.pool.ukrtel.net,"Sony Ericsson U8i Vivaz mobile phone",95
46.201.190.212,212-190-201-46.pool.ukrtel.net,"D-Link DWL-624+ or DWL-2000AP, or TRENDnet TEW-432BRP WAP",91
46.201.209.236,236-209-201-46.pool.ukrtel.net,"ADSL router: Huawei MT800u-T; or ZyXEL Prestige 623ME-T1, 643, 662HW-61, 782, or 2602R-61",96
46.201.215.147,147-215-201-46.pool.ukrtel.net,"Microsoft Windows XP SP2 or Windows Server 2003 SP2",96
46.201.248.104,104-248-201-46.pool.ukrtel.net,"ADSL router: Huawei MT800u-T; or ZyXEL Prestige 623ME-T1, 643, 662HW-61, 782, or 2602R-61",96
46.203.58.11,11-58-203-46.pool.ukrtel.net,"Apple Mac OS X 10.8.0 - 10.8.3 (Mountain Lion) or iOS 4.4.2 - 6.1.3 (Darwin 11.0.0 - 12.3.0)",95
46.209.72.124,,"Dell Integrated Remote Access Controller (iDRAC5)",93
46.209.73.71,,"MikroTik RouterOS 3.17",95
46.209.73.163,,"Dell Integrated Remote Access Controller (iDRAC5)",92
46.209.248.4,,"Dell Integrated Remote Access Controller (iDRAC5)",93
46.209.249.103,,"MikroTik RouterOS 3.17",92
46.211.30.96,46-211-30-96-krch.broadband.kyivstar.net,"Microsoft Windows XP SP2",99
46.211.57.108,46-211-57-108-rov.broadband.kyivstar.net,"Microsoft Windows XP SP2",96
46.211.71.32,46-211-71-32-krr.broadband.kyivstar.net,"Microsoft Windows XP SP2",95
46.211.88.238,46-211-88-238-ode.broadband.kyivstar.net,"Microsoft Windows XP SP2 or Windows Server 2003 SP2",96
46.211.89.30,46-211-89-30-ode.broadband.kyivstar.net,"Microsoft Windows Vista SP2",97
46.211.95.11,46-211-95-11-broadband.kyivstar.net,"OpenWrt White Russian 0.9 (Linux 2.4.30)",96
46.211.99.174,46-211-99-174-zap.broadband.kyivstar.net,"Microsoft Windows Vista",99
46.211.139.100,46-211-139-100-gprs.kyivstar.net,"Apple iPad tablet computer or iPhone mobile phone (iOS 4.0 - 4.1)",95
46.211.139.247,46-211-139-247-gprs.kyivstar.net,"Nokia E55 or S60 mobile phone (Symbian OS 9.3)",92
46.211.142.163,46-211-142-163-gprs.kyivstar.net,"Microsoft Windows Server 2003 SP0",99
46.211.145.9,46-211-145-9-gprs.kyivstar.net,"Microsoft Windows XP SP2",97
46.211.176.35,46-211-176-35-gprs.kyivstar.net,"Nintendo Wii game console",93
46.211.176.246,46-211-176-246-gprs.kyivstar.net,"Linux 2.6.9 - 2.6.24",97
46.211.206.18,,"Microsoft Windows Windows 7 SP1",95
46.211.207.182,,"Linux 2.6.30",97
46.211.225.78,,"Microsoft Windows XP Professional SP2",96
46.211.250.156,,"Microsoft Windows Vista Home Premium SP1, Windows 7, or Windows Server 2008",97
46.228.202.127,,"Linux 2.6.32",99
46.228.206.251,,"Linux 2.6.32 - 2.6.35",95
46.229.48.33,46-229-48-33.kievnet.com.ua,"Extreme Networks Summit X450e switch (ExtremeXOS 15.3)",96
46.229.55.1,46-229-55-1.kievnet.com.ua,"Extreme Networks Summit X450e switch (ExtremeXOS 15.3)",99
46.229.128.109,gprs-clients-46.229.128.109.misp.ru,"Linksys WRV54G WAP",95
46.229.128.121,gprs-clients-46.229.128.121.misp.ru,"OpenWrt (Linux 2.4.32)",94
46.229.128.159,gprs-clients-46.229.128.159.misp.ru,"Linksys RV042 router",96
46.229.178.68,ppp-vpdn-46.229.178.68.yarnet.ru,"Microsoft Windows Server 2008 SP2",96
46.231.15.29,,"Linux 2.6.32 - 2.6.35",95
46.231.209.229,46-231-209-229.obit.ru,"FreeBSD 7.0-RELEASE-p2 - 7.1-PRERELEASE",99
46.231.210.105,46-231-210-105.obit.ru,"FreeBSD 7.0-RELEASE-p2 - 7.1-PRERELEASE",99
46.231.210.205,46-231-210-205.obit.ru,"FreeBSD 7.0-RELEASE-p1 - 10.0-CURRENT",97
46.232.208.255,,"Juniper SRX100 firewall",92
46.233.2.119,,"Slingbox TV over IP gateway (Firmware 1.2.9 - 1.3.80)",92
46.233.7.105,,"Linksys WRV54G WAP",97
46.233.8.35,,"Linux 2.6.15 - 2.6.30",96
46.233.34.1,unex.vloto.net,"Vyatta 4.1.4 (Linux 2.6.24)",93
46.237.82.85,,"Linux 2.4.33 (embedded)",97
46.237.94.44,46-237-94-44.dbr.ddns.bulsat.com,"Microsoft Windows 2000 SP0 - SP4 or Windows XP SP0 - SP1",97
46.237.100.56,,"Microsoft Windows XP SP2 or Windows Server 2003 SP2",96
46.237.127.2,static.bulsat.com,"HP Designjet T1100ps or Z3100ps printer",96
46.237.127.2,static.bulsat.com,"Linux 2.6.9 - 2.6.30",96
46.237.127.22,static.bulsat.com,"Aastra RFP L32 IP DECT WAP",96
46.237.127.25,static.bulsat.com,"Linksys WRV54G WAP",96
46.244.124.97,,"Extreme Networks Summit X450e switch (ExtremeXOS 15.3)",96
46.244.125.97,97-125-244-46.a2b-internet.com,"Extreme Networks Summit X450e switch (ExtremeXOS 15.3)",99
46.244.127.3,core3-nikhef.a2b-internet.com,"Linksys WRV54G WAP",97
46.245.164.81,81.164.245.46.host.ngdijital.net,"Linux 2.6.9-22.0.1.EL (CentOS 4.4)",97
46.245.164.109,109.164.245.46.host.ngdijital.net,"McAfee Email Gateway 6.7.2",97
46.247.200.198,,"Microsoft Windows XP SP3",96
46.249.41.248,hosted.by.clanhost.nl,"VMware ESXi Server 4.1.0",99
46.249.58.18,,"Linux 2.6.18 (CentOS 5.4)",95
46.249.59.175,,"FreeBSD 7.0-BETA4 - 7.0",98
46.249.93.17,46-249-93-17.net1.bg,"Thecus 4200 or N5500 NAS device (Linux 2.6.33)",97
46.249.95.212,46-249-95-212.net1.bg,"Linux 2.6.18",94
46.249.171.129,th-171-129.splius.lt,"Linux 2.6.24 - 2.6.36",96
46.249.213.210,,"Linksys WRV54G WAP",92
46.250.111.109,host-46-250-111-109.la.net.ua,"Microsoft Windows XP SP2 or Windows Server 2003 SP2",99
46.251.231.104,,"Linux 2.6.18",95
46.251.232.35,,"Linux 2.6.18",95
46.251.232.230,,"Linux 2.6.18",95
46.251.234.1,,"Juniper M7i router",95
46.251.250.1,,"Juniper M7i router",95
46.254.129.215,,"Linux 2.4.33 (embedded)",97
49.1.22.111,,"Linux 2.4.9 - 2.4.18 (likely embedded)",97
49.1.56.150,,"Linux 2.6.18 - 2.6.32",99
49.1.140.147,,"Linux 2.6.13 - 2.6.32",97
49.49.56.39,mx-ll-49.49.56-39.dynamic.3bb.co.th,"ADSL router: Huawei MT800u-T; or ZyXEL Prestige 623ME-T1, 643, 662HW-61, 782, or 2602R-61",96
49.65.3.198,,"Linux 2.6.24",98
49.65.17.28,,"Linux 2.6.24",98
49.65.18.173,,"Linux 2.6.24",98
49.65.28.252,,"Linux 2.6.9 - 2.6.33",98
49.65.32.232,,"Linux 2.6.14 - 2.6.30",97
49.65.38.69,,"Linux 2.6.14 - 2.6.30",98
49.65.38.193,,"Linux 2.6.14 - 2.6.30",98
49.65.77.78,,"Linux 2.6.14 - 2.6.30",98
49.65.113.198,,"Linux 2.6.14 - 2.6.30",98
49.65.173.250,,"Linux 2.6.14 - 2.6.30",98
49.66.63.252,,"Linux 2.6.14 - 2.6.30",97
49.66.72.5,,"Linux 2.6.14 - 2.6.30",97
49.66.241.46,,"OpenWrt (Linux 2.4.32)",94
49.69.25.185,,"Linux 2.6.14 - 2.6.30",97
49.69.29.75,,"Linux 2.6.14 - 2.6.30",97
49.69.29.158,,"Linux 2.6.14 - 2.6.30",97
49.70.24.78,,"OpenWrt (Linux 2.4.32)",94
49.70.206.61,,"Linux 2.6.14 - 2.6.30",97
49.70.207.145,,"Linux 2.6.15 - 2.6.27",97
49.70.252.111,,"Linux 2.6.14 - 2.6.30",97
49.71.3.26,,"Linux 2.6.14 - 2.6.30",97
49.71.187.165,,"Linux 2.6.14 - 2.6.30",97
49.72.24.65,,"Microsoft Windows 7 SP0 - SP1",96
49.72.64.163,,"3Com SuperStack 3 Switch 4500",95
49.72.125.102,,"Microsoft Windows 7 SP0 - SP1",96
49.72.142.47,,"Microsoft Windows XP SP3",95
49.72.144.179,,"Microsoft Windows XP SP3",94
49.72.157.247,,"Microsoft Windows XP SP2 - SP3",96
49.72.188.118,,"Linux 2.4.33 (embedded)",95
49.72.208.227,,"Microsoft Windows XP SP3",95
49.73.5.47,,"Microsoft Windows XP SP3",96
49.73.23.28,,"Microsoft Windows Vista SP2",96
49.73.36.156,,"Microsoft Windows XP SP3",96
49.73.171.250,,"Linksys WRV54G WAP",96
49.73.183.227,,VxWorks,96
49.73.226.211,,"DD-WRT v24-sp2 (Linux 2.4.36)",98
49.74.7.164,,"Microsoft Windows XP SP3",95
49.74.39.43,,"Microsoft Windows XP SP2 - SP3",96
49.74.252.167,,"Microsoft Windows XP SP2 - SP3",96
49.75.17.68,,"F5 BIG-IP 3650 Local Traffic Manager load balancer",90
49.75.205.42,,"Microsoft Windows 7 SP0 - SP1",96
49.77.9.31,,"Linux 2.6.14 - 2.6.30",98
49.79.16.201,,"Microsoft Windows XP SP3",96
49.79.69.38,,"Microsoft Windows XP SP3",96
49.79.91.176,,"Linksys WRV54G WAP",96
49.79.96.210,,"Microsoft Windows Server 2003 SP2",93
49.79.101.119,,"Microsoft Windows 7 SP0 - SP1",96
49.81.4.79,,"Microsoft Windows 7 SP0 - SP1",96
49.81.20.147,,"Microsoft Windows XP SP2 - SP3",96
49.81.20.201,,"Microsoft Windows XP Professional SP2",95
49.81.39.106,,"Microsoft Windows Server 2003",92
49.81.40.213,,"Microsoft Windows XP SP2 - SP3",96
49.81.50.99,,"Microsoft Windows XP SP3",94
49.81.52.252,,"Microsoft Windows XP SP3",95
49.81.67.160,,"Microsoft Windows XP Professional SP2",95
49.81.72.217,,"Microsoft Windows XP SP3",96
49.81.81.234,,"Microsoft Windows XP SP2 - SP3",96
49.81.93.141,,"Microsoft Windows XP SP3",95
49.81.94.39,,"Microsoft Windows XP SP2 - SP3",96
49.81.120.43,,"Microsoft Windows XP SP3",95
49.81.129.108,,"Microsoft Windows Vista SP2",98
49.81.132.40,,"Microsoft Windows XP SP2 - SP3",96
49.81.132.130,,"Microsoft Windows Server 2003 SP2",92
49.81.139.252,,"Microsoft Windows Server 2003",96
49.81.140.61,,"Microsoft Windows XP SP2 - SP3",95
49.81.140.155,,"Microsoft Windows XP SP3",94
49.81.204.13,,"Microsoft Windows XP SP2 - SP3",96
49.83.97.202,,"Microsoft Windows XP Professional SP2",95
49.83.152.68,,"Microsoft Windows XP SP2 - SP3",96
49.83.154.75,,"AT&T U-Verse set-top box (Windows CE 5.0)",95
49.84.111.47,,"Linksys WRV54G WAP",96
49.84.111.84,,"Microsoft Windows Server 2003 SP2",95
49.84.141.40,,"Microsoft Windows Vista",96
49.84.227.159,,"Linux 2.4.33 (embedded)",96
49.84.248.152,,"Microsoft Windows Server 2003",96
49.85.11.245,,"Microsoft Windows XP SP3",92
49.85.15.244,,"Microsoft Windows 7 SP0 - SP1",96
49.85.21.245,,"Microsoft Windows XP SP3",92
49.85.23.201,,"Microsoft Windows XP SP2 - SP3",96
49.85.31.169,,"Microsoft Windows 7 SP0 - SP1",96
49.85.34.158,,"AT&T U-Verse set-top box (Windows CE 5.0)",95
49.85.75.32,,"Microsoft Windows XP SP2 - SP3",96
49.85.167.33,,"Microsoft Windows XP SP3",95
49.85.227.51,,"Microsoft Windows Server 2003 SP2",96
49.85.250.54,,"Microsoft Windows XP SP2 - SP3",95
49.86.17.234,,"Microsoft Windows XP SP3",96
49.86.17.251,,"Microsoft Windows XP SP2",96
49.86.27.60,,"Microsoft Windows XP SP2 - SP3",96
49.86.57.40,,"Microsoft Windows XP SP3",96
49.86.57.136,,"Microsoft Windows XP SP2 - SP3",96
49.86.82.23,,"Microsoft Windows XP SP2 - SP3",96
49.86.83.228,,"Microsoft Windows XP SP3",94
49.87.3.253,,"Microsoft Windows XP SP2 - SP3",96
49.87.15.236,,"Microsoft Windows XP SP3",96
49.87.17.52,,"Microsoft Windows XP SP2 - SP3",96
49.87.43.115,,"Microsoft Windows XP SP2 or SP3, or Windows Embedded Standard 2009",96
49.87.47.8,,"Microsoft Windows XP SP2 - SP3",96
49.87.48.14,,"Microsoft Windows XP SP2 - SP3",96
49.87.48.226,,"Microsoft Windows XP SP3",96
49.87.69.61,,"Microsoft Windows XP SP2 - SP3",96
49.88.74.174,,"Microsoft Windows XP SP2 or SP3, or Windows Embedded Standard 2009",95
49.88.125.21,,"Microsoft Windows XP SP3",94
49.88.125.232,,"Microsoft Windows XP SP2 - SP3",96
49.89.1.203,,"Microsoft Windows XP SP3",96
49.89.22.21,,"Microsoft Windows XP SP3",96
49.89.22.162,,"Microsoft Windows XP SP3",96
49.89.36.239,,"Linux 2.4.33 (embedded)",96
49.89.48.245,,"Linux 2.4.33 (embedded)",98
49.89.93.167,,"Microsoft Windows XP SP2",96
49.89.138.10,,"Microsoft Windows XP SP3",96
49.89.162.210,,"Microsoft Windows XP SP3",95
49.89.166.18,,"Microsoft Windows XP SP2 or Windows Server 2003 SP2",96
49.89.180.140,,"Linksys RV042 router",93
49.89.183.44,,"Linux 2.4.33 (embedded)",96
49.89.186.245,,"Microsoft Windows XP SP2 - SP3",96
49.90.245.185,,"Microsoft Windows Vista",96
49.91.42.11,,"Linksys WRV54G WAP",95
49.92.40.156,,"Linksys WRV54G WAP",95
49.92.113.107,,"Netgear DG834G WAP or Western Digital WD TV media player",92
49.92.233.35,,"Microsoft Windows Server 2003 SP2",96
49.128.183.9,,"Linux 2.6.36 - 2.6.37",96
49.143.76.74,,"Linux 2.6.14 - 2.6.30",94
49.144.186.40,dsl.49.144.186.40.pldt.net,"Microsoft Windows Vista",92
49.144.200.234,dsl.49.144.200.234.pldt.net,"D-Link DVG-5112S or DVG-6004S VoIP adapter",96
50.7.161.89,,"Juniper M7i router",95
50.13.239.146,50-13-239-146.gar.clearwire-wmx.net,"Android 2.0.1 (Linux 2.6)",99
50.56.172.125,50-56-172-125.static.rackspacecloud.com,"Linux 2.6.32 - 2.6.39",95
50.56.172.152,50-56-172-152.static.rackspacecloud.com,"Linux 2.6.24 - 2.6.36",95
50.56.175.11,,"FreeBSD 7.1-RELEASE",96
50.56.177.197,,"Linux 3.0",95
50.56.181.254,50-56-181-254.static.cloud-ips.com,"Linux 3.0",95
50.58.139.72,,"Dell PowerEdge 2650 server Embedded Remote Access (ERA)",96
50.97.171.194,50.97.171.194-static.reverse.softlayer.com,"Linux 2.6.32",95
50.117.2.18,,"Linux 2.6.18",96
50.117.46.41,,"Linux 2.6.18 - 2.6.27",95
50.117.114.143,,"Linux 2.6.18 - 2.6.31",98
50.117.127.177,,"Microsoft Windows Server 2003 SP1 - SP2",93
50.193.92.190,50-193-92-190-static.hfc.comcastbusiness.net,"D-Link DI-504 or DI-704P broadband router, or DI-524 WAP",87
50.201.35.98,50-201-35-98-static.hfc.comcastbusiness.net,"Netgear DG834G WAP or Western Digital WD TV media player",93
58.8.32.16,ppp-58-8-32-16.revip2.asianet.co.th,"ADSL router: Huawei MT800u-T; or ZyXEL Prestige 623ME-T1, 643, 662HW-61, 782, or 2602R-61",96
58.8.70.205,ppp-58-8-70-205.revip2.asianet.co.th,"Linux 2.6.14 - 2.6.30",97
58.8.83.209,ppp-58-8-83-209.revip2.asianet.co.th,"ADSL router: Huawei MT800u-T; or ZyXEL Prestige 623ME-T1, 643, 662HW-61, 782, or 2602R-61",96
58.8.88.25,ppp-58-8-88-25.revip2.asianet.co.th,"ADSL router: Huawei MT800u-T; or ZyXEL Prestige 623ME-T1, 643, 662HW-61, 782, or 2602R-61",96
58.8.124.212,ppp-58-8-124-212.revip2.asianet.co.th,"ADSL router: Huawei MT800u-T; or ZyXEL Prestige 623ME-T1, 643, 662HW-61, 782, or 2602R-61",96
58.8.139.249,ppp-58-8-139-249.revip2.asianet.co.th,"ADSL router: Huawei MT800u-T; or ZyXEL Prestige 623ME-T1, 643, 662HW-61, 782, or 2602R-61",96
58.8.142.207,ppp-58-8-142-207.revip2.asianet.co.th,"ADSL router: Huawei MT800u-T; or ZyXEL Prestige 623ME-T1, 643, 662HW-61, 782, or 2602R-61",96
58.8.234.207,ppp-58-8-234-207.revip2.asianet.co.th,"ADSL router: Huawei MT800u-T; or ZyXEL Prestige 623ME-T1, 643, 662HW-61, 782, or 2602R-61",96
58.8.236.4,ppp-58-8-236-4.revip2.asianet.co.th,"ADSL router: Huawei MT800u-T; or ZyXEL Prestige 623ME-T1, 643, 662HW-61, 782, or 2602R-61",96
58.8.236.243,ppp-58-8-236-243.revip2.asianet.co.th,"ADSL router: Huawei MT800u-T; or ZyXEL Prestige 623ME-T1, 643, 662HW-61, 782, or 2602R-61",96
58.9.46.64,ppp-58-9-46-64.revip2.asianet.co.th,"ADSL router: Huawei MT800u-T; or ZyXEL Prestige 623ME-T1, 643, 662HW-61, 782, or 2602R-61",96
58.9.73.37,ppp-58-9-73-37.revip2.asianet.co.th,"ADSL router: Huawei MT800u-T; or ZyXEL Prestige 623ME-T1, 643, 662HW-61, 782, or 2602R-61",96
58.9.85.133,ppp-58-9-85-133.revip2.asianet.co.th,"Microsoft Windows Vista SP2",97
58.9.95.98,ppp-58-9-95-98.revip2.asianet.co.th,"ADSL router: Huawei MT800u-T; or ZyXEL Prestige 623ME-T1, 643, 662HW-61, 782, or 2602R-61",95
58.9.108.110,ppp-58-9-108-110.revip2.asianet.co.th,"ADSL router: Huawei MT800u-T; or ZyXEL Prestige 623ME-T1, 643, 662HW-61, 782, or 2602R-61",96
58.9.128.59,ppp-58-9-128-59.revip2.asianet.co.th,"ADSL router: Huawei MT800u-T; or ZyXEL Prestige 623ME-T1, 643, 662HW-61, 782, or 2602R-61",96
58.9.129.156,ppp-58-9-129-156.revip2.asianet.co.th,"ADSL router: Huawei MT800u-T; or ZyXEL Prestige 623ME-T1, 643, 662HW-61, 782, or 2602R-61",96
58.9.207.245,ppp-58-9-207-245.revip2.asianet.co.th,"ADSL router: Huawei MT800u-T; or ZyXEL Prestige 623ME-T1, 643, 662HW-61, 782, or 2602R-61",96
58.9.217.234,ppp-58-9-217-234.revip2.asianet.co.th,"ADSL router: Huawei MT800u-T; or ZyXEL Prestige 623ME-T1, 643, 662HW-61, 782, or 2602R-61",96
58.10.146.21,cm-58-10-146-21.revip7.asianet.co.th,"Microsoft Windows Server 2003 SP2",88
58.16.241.175,,"Linux 2.4.33 (embedded)",95
58.19.243.189,58.19.arpa.hb.cnc.cn,"Linux 2.4.33 (embedded)",96
58.20.87.182,,"Linux 2.4.33 (embedded)",96
58.27.22.32,,"Linux 2.6.32 - 3.2",98
58.27.86.64,,"Linux 2.6.32 - 3.2",98
58.27.100.170,sp-nac01.tm.net.my,"Novell NetWare 6.5 SP7",86
58.33.124.169,169.124.33.58.broad.xw.sh.dynamic.163data.com.cn,"Linux 2.4.33 (embedded)",94
58.33.157.75,75.157.33.58.broad.xw.sh.dynamic.163data.com.cn,"Linksys WRV54G WAP",96
58.34.95.141,141.95.34.58.broad.xw.sh.dynamic.163data.com.cn,"Linksys WRV54G WAP",96
58.34.107.160,160.107.34.58.broad.xw.sh.dynamic.163data.com.cn,"Linksys WRV54G WAP",96
58.34.110.125,125.110.34.58.broad.xw.sh.dynamic.163data.com.cn,"Linksys WRV54G WAP",96
58.34.119.255,255.119.34.58.broad.xw.sh.dynamic.163data.com.cn,"Linksys WRV54G WAP",96
58.34.222.65,65.222.34.58.broad.xw.sh.dynamic.163data.com.cn,"Linksys WRV54G WAP",96
58.34.247.145,145.247.34.58.broad.xw.sh.dynamic.163data.com.cn,"Linux 2.4.33 (embedded)",95
58.37.229.122,122.229.37.58.broad.xw.sh.dynamic.163data.com.cn,"Linux 2.6.16",91
58.38.117.100,100.117.38.58.broad.xw.sh.dynamic.163data.com.cn,"Linux 2.4.33 (embedded)",95
58.39.61.38,,"Linux 2.4.33 (embedded)",96
58.39.77.14,,"Linux 2.4.33 (embedded)",96
58.39.96.9,,"Linux 2.4.33 (embedded)",96
58.39.100.91,,"Linux 2.4.33 (embedded)",96
58.39.221.10,,"Linux 2.4.33 (embedded)",95
58.40.168.185,,"Linksys WRV54G WAP",96
58.40.189.250,,"Linux 2.4.33 (embedded)",96
58.41.1.66,,"Linux 2.4.33 (embedded)",94
58.42.107.194,,"Linux 2.4.33 (embedded)",95
58.42.172.212,,"Microsoft Windows XP SP3",96
58.44.80.240,,"Linux 2.4.33 (embedded)",96
58.45.217.135,,"Linux 2.4.33 (embedded)",94
58.47.71.221,,"Linux 2.4.33 (embedded)",96
58.48.215.205,205.215.48.58.broad.wh.hb.dynamic.163data.com.cn,"Linux 2.4.33 (embedded)",96
58.49.17.220,220.17.49.58.broad.wh.hb.dynamic.163data.com.cn,"Linux 2.4.33 (embedded)",96
58.49.69.149,149.69.49.58.broad.wh.hb.dynamic.163data.com.cn,"Microsoft Windows XP SP2",95
58.49.155.135,135.155.49.58.broad.wh.hb.dynamic.163data.com.cn,"Linux 2.4.33 (embedded)",96
58.49.166.204,204.166.49.58.broad.wh.hb.dynamic.163data.com.cn,"Linux 2.4.33 (embedded)",96
58.49.236.220,220.236.49.58.broad.wh.hb.dynamic.163data.com.cn,"Linux 2.4.33 (embedded)",96
58.50.21.202,,"Microsoft Windows XP SP2 or Windows Server 2003 SP1 or SP2",97
58.50.125.102,,"Huawei MA5200 router",96
58.50.246.45,,"Microsoft Windows 7 SP0 - SP1",96
58.51.98.154,,"Redback Networks SmartEdge router (SmartEdge OS 5.0)",97
58.51.202.138,,"Huawei MA5200 router",96
58.52.5.250,,"Microsoft Windows XP SP3",96
58.52.62.202,,"Linux 2.6.18 (CentOS 5, x86_64, SMP)",87
58.52.63.162,,"Linux 2.6.18 (CentOS 5, x86_64, SMP)",90
58.52.159.198,,"Microsoft Windows XP SP2 or SP3",95
58.52.169.200,,"Microsoft Windows XP SP3",95
58.52.236.238,,"Linksys WRV54G WAP",97
58.53.55.26,,"Huawei MA5200 router",96
58.53.62.168,,"Linux 2.4.21",95
58.54.57.205,,"Microsoft Windows XP SP3",96
58.54.75.75,,"Secure Computing SG550 firewall (Linux 2.4.31)",94
58.54.82.12,,"Microsoft Windows 7 SP0 - SP1",96
58.54.84.134,,"Microsoft Windows Vista",96
58.54.130.165,,"Alcatel-Lucent 7750 Service Router (SR OS 9.0.R9)",99
58.54.244.1,,"Alcatel-Lucent 7750 Service Router (SR OS 9.0.R9)",99
58.54.244.121,,"Alcatel-Lucent 7750 Service Router (SR OS 9.0.R9)",99
58.54.245.117,,"Alcatel-Lucent 7750 Service Router (SR OS 9.0.R9)",99
58.54.246.73,,"Alcatel-Lucent 7750 Service Router (SR OS 9.0.R9)",99
58.54.246.89,,"Alcatel-Lucent 7750 Service Router (SR OS 9.0.R9)",99
58.54.248.65,,"Alcatel-Lucent 7750 Service Router (SR OS 9.0.R9)",99
58.54.249.137,,"Alcatel-Lucent 7750 Service Router (SR OS 9.0.R9)",99
58.54.255.13,,"Alcatel-Lucent 7750 Service Router (SR OS 9.0.R9)",99
58.55.47.170,,"Linux 2.4.33 (embedded)",94
58.55.132.245,,"Microsoft Windows XP SP2 - SP3",95
58.55.215.65,,"Microsoft Windows XP SP2 - SP3",96
58.55.221.135,,"Microsoft Windows XP SP2 - SP3",96
58.57.56.45,,"Alcatel-Lucent 7750 Service Router (SR OS 9.0.R9)",96
58.59.223.150,,"Linksys WRV54G WAP",96
58.59.224.13,,"Microsoft Windows XP SP3",95
58.59.229.56,,"Linux 2.4.33 (embedded)",96
58.60.5.186,,"Alcatel-Lucent 7750 Service Router (SR OS 9.0.R9)",96
58.60.38.101,,"Microsoft Windows XP SP3",96
58.60.111.158,,"Alcatel-Lucent 7750 Service Router (SR OS 9.0.R9)",96
58.60.188.78,,"Alcatel-Lucent 7750 Service Router (SR OS 9.0.R9)",95
58.60.188.254,,"Alcatel-Lucent 7750 Service Router (SR OS 9.0.R9)",95
58.60.228.46,,"Alcatel-Lucent 7750 Service Router (SR OS 9.0.R9)",96
58.61.60.211,211.60.61.58.broad.sz.gd.dynamic.163data.com.cn,"Linksys WRV54G WAP",97
58.61.115.246,246.115.61.58.broad.sz.gd.dynamic.163data.com.cn,"Microsoft Windows XP SP3",96
58.61.116.254,254.116.61.58.broad.sz.gd.dynamic.163data.com.cn,"Microsoft Windows XP SP3",96
58.61.173.14,14.173.61.58.broad.sz.gd.dynamic.163data.com.cn,"Linux 2.4.33 (embedded)",96
58.62.0.137,,"Alcatel-Lucent 7750 Service Router (SR OS 9.0.R9)",96
58.62.1.193,,"Alcatel-Lucent 7750 Service Router (SR OS 9.0.R9)",96
58.62.16.217,,"Alcatel-Lucent 7750 Service Router (SR OS 9.0.R9)",95
58.62.18.89,,"Alcatel-Lucent 7750 Service Router (SR OS 9.0.R9)",96
58.62.43.241,,"Alcatel-Lucent 7750 Service Router (SR OS 9.0.R9)",96
58.62.52.139,,"Linux 2.4.33 (embedded)",93
58.62.110.81,,"Alcatel-Lucent 7750 Service Router (SR OS 9.0.R9)",96
58.62.110.113,,"Alcatel-Lucent 7750 Service Router (SR OS 9.0.R9)",96
58.62.133.97,,"Alcatel-Lucent 7750 Service Router (SR OS 9.0.R9)",96
58.62.133.233,,"Alcatel-Lucent 7750 Service Router (SR OS 9.0.R9)",96
58.62.201.89,,"Alcatel-Lucent 7750 Service Router (SR OS 9.0.R9)",96
58.62.201.241,,"Alcatel-Lucent 7750 Service Router (SR OS 9.0.R9)",96
58.62.223.41,,"Alcatel-Lucent 7750 Service Router (SR OS 9.0.R9)",96
58.63.47.113,,"Alcatel-Lucent 7750 Service Router (SR OS 9.0.R9)",96
58.63.47.161,,"Alcatel-Lucent 7750 Service Router (SR OS 9.0.R9)",96
58.63.48.241,,"Alcatel-Lucent 7750 Service Router (SR OS 9.0.R9)",96
58.63.56.161,,"Alcatel-Lucent 7750 Service Router (SR OS 9.0.R9)",96
58.63.60.97,,"Alcatel-Lucent 7750 Service Router (SR OS 9.0.R9)",96
58.63.60.113,,"Alcatel-Lucent 7750 Service Router (SR OS 9.0.R9)",96
58.63.123.193,,"Alcatel-Lucent 7750 Service Router (SR OS 9.0.R9)",96
58.63.128.13,,"Alcatel-Lucent 7750 Service Router (SR OS 9.0.R9)",96
58.63.128.177,,"Alcatel-Lucent 7750 Service Router (SR OS 9.0.R9)",95
58.63.228.113,,"Alcatel-Lucent 7750 Service Router (SR OS 9.0.R9)",96
58.63.228.137,,"Alcatel-Lucent 7750 Service Router (SR OS 9.0.R9)",96
58.97.170.152,ip170c152.banglalionwimax.com,"GNU Hurd 0.3",92
58.120.53.41,,"Linux 2.6.18",99
58.120.165.225,,"Avaya G700 Telephony Media Gateway or Sun Advanced Lights Out Maganer 1.5.2 (VxWorks)",97
58.120.167.107,,"Microsoft Windows XP SP2 or Windows Server 2003 SP2",99
58.121.110.214,,"Linux 2.6.18",98
58.122.15.149,,"Linux 2.6.29 - 2.6.31",97
58.122.83.100,,"Nortel BayStack 460 switch, or Linksys BEFCMU10 or Motorola SURFboard SB5100 cable modem",99
58.122.85.139,,"Linux 2.6.27",95
58.123.50.77,,"Linux 2.6.18 - 2.6.32",97
58.124.54.49,,VxWorks,99
58.124.190.4,,VxWorks,99
58.125.60.107,,"Linux 2.6.27",95
58.125.60.178,,"Linux 2.6.27",95
58.125.101.155,,"Linux 2.6.24 - 2.6.25",96
58.125.118.135,,"Linux 2.6.18 - 2.6.32",97
58.126.220.65,,"Linux 2.6.29 - 2.6.31",97
58.127.56.105,,"Linux 2.6.18 - 2.6.32",99
58.141.175.96,,"Linux 2.4.9 - 2.4.18 (likely embedded)",97
58.143.1.128,,"Linux 2.4.9 - 2.4.18 (likely embedded)",97
58.143.215.90,,"Linux 2.6.14 - 2.6.30",94
58.152.22.215,n058152022215.netvigator.com,"Microsoft Windows XP SP2 or Windows Server 2003 SP2",96
58.152.39.44,n058152039044.netvigator.com,"Linux 2.4.33 (embedded)",96
58.152.80.178,n058152080178.netvigator.com,"Linux 2.6.16",91
58.152.103.66,n058152103066.netvigator.com,"D-Link DI-504 or DI-704P broadband router, or DI-524 WAP",87
58.152.130.192,n058152130192.netvigator.com,"Linux 2.4.33 (embedded)",96
58.153.13.69,n058153013069.netvigator.com,"Linux 3.0 - 3.9",96
58.159.29.146,58x159x29x146.ap58.ftth.ucom.ne.jp,"Adtran MX2800 multiplexer",93
58.176.31.144,058176031144.ctinets.com,"D-Link DAP-1522 WAP, or Xerox WorkCentre Pro 245 or 6556 printer",98
58.177.9.38,058177009038.ctinets.com,"Linux 2.4.18 - 2.4.35 (likely embedded)",96
58.186.196.154,,"Linux 2.4.33 (embedded)",99
58.208.30.47,,"Linksys WRV54G WAP",96
58.208.55.170,,"Microsoft Windows XP SP2 - SP3",96
58.208.75.108,,"Microsoft Windows XP SP3",96
58.208.91.76,,"Linux 2.4.33 (embedded)",96
58.208.126.230,,"AT&T U-Verse set-top box (Windows CE 5.0)",95
58.208.200.146,,"Microsoft Windows XP SP3",95
58.208.242.92,,"Linksys WRV54G WAP",96
58.208.251.99,,"Microsoft Windows XP SP3",95
58.209.79.238,,"Linux 2.4.33 (embedded)",94
58.209.81.138,,"Linksys WRV200 wireless broadband router",90
58.209.148.134,,"Microsoft Windows 7 SP0 - SP1",96
58.209.150.198,,"Microsoft Windows XP SP2 - SP3",96
58.209.204.167,,"Microsoft Windows XP SP2 - SP3",95
58.209.219.11,,"Microsoft Windows XP SP2 - SP3",96
58.210.64.110,,"Blue Coat Director (Linux 2.6.10)",93
58.210.115.103,,"Microsoft Windows XP SP3",96
58.210.157.35,,"Linux 2.6.27",95
58.210.255.118,,"Microsoft Windows 2000 SP4",89
58.212.22.6,,"ZyXEL Prestige 660HW-61 ADSL router (ZyNOS 3.40)",97
58.212.127.175,,"Microsoft Windows XP SP2 or SP3",96
58.213.45.241,,"Alcatel-Lucent 7750 Service Router (SR OS 9.0.R9)",96
58.213.114.161,,"Alcatel-Lucent 7750 Service Router (SR OS 9.0.R9)",96
58.213.117.41,,"Alcatel-Lucent 7750 Service Router (SR OS 9.0.R9)",96
58.213.149.129,,"Alcatel-Lucent 7750 Service Router (SR OS 9.0.R9)",95
58.213.150.17,,"Alcatel-Lucent 7750 Service Router (SR OS 9.0.R9)",95
58.213.165.129,,"Alcatel-Lucent 7750 Service Router (SR OS 9.0.R9)",96
58.213.169.33,,"Juniper Networks ERX-700 router",95
58.213.174.57,,"T-Marc 254H switch",99
58.214.3.105,,"Alcatel-Lucent 7750 Service Router (SR OS 9.0.R9)",96
58.214.4.5,,"Alcatel-Lucent 7750 Service Router (SR OS 9.0.R9)",96
58.214.4.101,,"Alcatel-Lucent 7750 Service Router (SR OS 9.0.R9)",96
58.214.7.125,,"Alcatel-Lucent 7750 Service Router (SR OS 9.0.R9)",96
58.214.9.245,,"Alcatel-Lucent 7750 Service Router (SR OS 9.0.R9)",96
58.214.15.169,,"Alcatel-Lucent 7750 Service Router (SR OS 9.0.R9)",96
58.214.15.197,,"Alcatel-Lucent 7750 Service Router (SR OS 9.0.R9)",96
58.214.15.217,,"Alcatel-Lucent 7750 Service Router (SR OS 9.0.R9)",96
58.214.15.225,,"Alcatel-Lucent 7750 Service Router (SR OS 9.0.R9)",96
58.214.19.241,,"Alcatel-Lucent 7750 Service Router (SR OS 9.0.R9)",96
58.214.25.85,,"Alcatel-Lucent 7750 Service Router (SR OS 9.0.R9)",96
58.214.25.109,,"Alcatel-Lucent 7750 Service Router (SR OS 9.0.R9)",96
58.214.25.157,,"Alcatel-Lucent 7750 Service Router (SR OS 9.0.R9)",96
58.214.26.13,,"Alcatel-Lucent 7750 Service Router (SR OS 9.0.R9)",96
58.214.26.21,,"Alcatel-Lucent 7750 Service Router (SR OS 9.0.R9)",96
58.214.29.137,,"Alcatel-Lucent 7750 Service Router (SR OS 9.0.R9)",96
58.214.29.233,,"Alcatel-Lucent 7750 Service Router (SR OS 9.0.R9)",96
58.214.31.89,,"Alcatel-Lucent 7750 Service Router (SR OS 9.0.R9)",95
58.214.31.189,,"Alcatel-Lucent 7750 Service Router (SR OS 9.0.R9)",96
58.214.31.237,,"Alcatel-Lucent 7750 Service Router (SR OS 9.0.R9)",96
58.214.32.105,,"Alcatel-Lucent 7750 Service Router (SR OS 9.0.R9)",95
58.214.34.65,,"Alcatel-Lucent 7750 Service Router (SR OS 9.0.R9)",96
58.214.36.201,,"Alcatel-Lucent 7750 Service Router (SR OS 9.0.R9)",96
58.214.40.174,,"Microsoft Windows XP SP2 - SP3",96
58.214.98.151,,"Microsoft Windows XP SP3",96
58.214.100.53,,"Microsoft Windows XP SP3",94
58.214.119.231,,"Microsoft Windows XP SP3",95
58.214.153.41,,"Microsoft Windows XP SP3",96
58.214.161.84,,"Microsoft Windows Server 2003 SP2",96
58.214.163.144,,"Microsoft Windows XP SP3",96
58.214.164.104,,"Microsoft Windows XP Professional SP2",95
58.214.164.155,,"Microsoft Windows XP SP3",95
58.214.173.231,,"Microsoft Windows XP SP2 - SP3",96
58.214.189.100,,"Microsoft Windows XP SP3",96
58.214.201.143,,"Linux 2.6.15 - 2.6.27",97
58.214.202.249,,"Microsoft Windows 7 SP0 - SP1",96
58.214.220.60,,"Microsoft Windows XP SP2 - SP3",96
58.214.221.17,,"Microsoft Windows XP SP3",96
58.214.222.215,,"Microsoft Windows XP SP2 - SP3",96
58.214.228.33,,"Microsoft Windows XP SP3",95
58.214.228.63,,"Microsoft Windows XP SP3",95
58.214.229.177,,"Microsoft Windows XP SP3",96
58.214.233.118,,"Alcatel-Lucent 7750 Service Router (SR OS 9.0.R9)",96
58.214.234.137,,"Alcatel-Lucent 7750 Service Router (SR OS 9.0.R9)",96
58.214.235.13,,"Alcatel-Lucent 7750 Service Router (SR OS 9.0.R9)",96
58.214.236.121,,"Alcatel-Lucent 7750 Service Router (SR OS 9.0.R9)",95
58.214.238.233,,"Alcatel-Lucent 7750 Service Router (SR OS 9.0.R9)",96
58.214.239.206,,"Alcatel-Lucent 7750 Service Router (SR OS 9.0.R9)",96
58.214.243.241,,"Alcatel-Lucent 7750 Service Router (SR OS 9.0.R9)",96
58.214.247.153,,"Alcatel-Lucent 7750 Service Router (SR OS 9.0.R9)",96
58.214.248.253,,"Alcatel-Lucent 7750 Service Router (SR OS 9.0.R9)",96
58.214.250.177,,"Alcatel-Lucent 7750 Service Router (SR OS 9.0.R9)",96
58.214.250.197,,"Alcatel-Lucent 7750 Service Router (SR OS 9.0.R9)",95
58.215.0.85,,"Alcatel-Lucent 7750 Service Router (SR OS 9.0.R9)",96
58.215.3.37,,"Alcatel-Lucent 7750 Service Router (SR OS 9.0.R9)",95
58.215.12.33,,"Alcatel-Lucent 7750 Service Router (SR OS 9.0.R9)",96
58.215.13.185,,"Alcatel-Lucent 7750 Service Router (SR OS 9.0.R9)",95
58.215.34.157,,"Alcatel-Lucent 7750 Service Router (SR OS 9.0.R9)",96
58.215.34.185,,"Alcatel-Lucent 7750 Service Router (SR OS 9.0.R9)",96
58.215.34.255,,"Alcatel-Lucent 7750 Service Router (SR OS 9.0.R9)",95
58.215.72.133,,"Alcatel-Lucent 7750 Service Router (SR OS 9.0.R9)",96
58.215.135.246,,"Alcatel-Lucent 7750 Service Router (SR OS 9.0.R9)",96
58.215.156.62,,"Cabletron ELS100-24TXM switch",89
58.215.156.238,,"Huawei S9300 switch",97
58.215.194.73,,"Alcatel-Lucent 7750 Service Router (SR OS 9.0.R9)",95
58.215.194.197,,"Alcatel-Lucent 7750 Service Router (SR OS 9.0.R9)",96
58.215.201.101,,"Alcatel-Lucent 7750 Service Router (SR OS 9.0.R9)",95
58.215.201.133,,"Alcatel-Lucent 7750 Service Router (SR OS 9.0.R9)",96
58.215.204.89,,"Alcatel-Lucent 7750 Service Router (SR OS 9.0.R9)",96
58.215.204.157,,"Alcatel-Lucent 7750 Service Router (SR OS 9.0.R9)",96
58.215.220.57,,"Alcatel-Lucent 7750 Service Router (SR OS 9.0.R9)",96
58.215.221.121,,"Alcatel-Lucent 7750 Service Router (SR OS 9.0.R9)",96
58.215.221.233,,"Alcatel-Lucent 7750 Service Router (SR OS 9.0.R9)",95
58.215.222.5,,"Alcatel-Lucent 7750 Service Router (SR OS 9.0.R9)",96
58.215.222.253,,"Alcatel-Lucent 7750 Service Router (SR OS 9.0.R9)",96
58.215.235.45,,"Alcatel-Lucent 7750 Service Router (SR OS 9.0.R9)",96
58.215.235.121,,"Alcatel-Lucent 7750 Service Router (SR OS 9.0.R9)",96
58.215.243.9,,"Alcatel-Lucent 7750 Service Router (SR OS 9.0.R9)",96
58.216.38.70,,"Alcatel-Lucent 7750 Service Router (SR OS 9.0.R9)",96
58.216.39.194,,"Alcatel-Lucent 7750 Service Router (SR OS 9.0.R9)",96
58.216.41.29,,"Alcatel-Lucent 7750 Service Router (SR OS 9.0.R9)",96
58.216.49.41,,"Alcatel-Lucent 7750 Service Router (SR OS 9.0.R9)",96
58.216.49.65,,"Alcatel-Lucent 7750 Service Router (SR OS 9.0.R9)",96
58.216.49.177,,"Alcatel-Lucent 7750 Service Router (SR OS 9.0.R9)",96
58.216.51.109,,"Alcatel-Lucent 7750 Service Router (SR OS 9.0.R9)",96
58.216.51.213,,"Alcatel-Lucent 7750 Service Router (SR OS 9.0.R9)",96
58.216.51.225,,"Alcatel-Lucent 7750 Service Router (SR OS 9.0.R9)",96
58.216.51.245,,"Alcatel-Lucent 7750 Service Router (SR OS 9.0.R9)",96
58.216.52.61,,"Alcatel-Lucent 7750 Service Router (SR OS 9.0.R9)",96
58.216.52.149,,"Alcatel-Lucent 7750 Service Router (SR OS 9.0.R9)",96
58.216.53.73,,"Alcatel-Lucent 7750 Service Router (SR OS 9.0.R9)",96
58.216.53.129,,"Alcatel-Lucent 7750 Service Router (SR OS 9.0.R9)",96
58.216.54.61,,"Alcatel-Lucent 7750 Service Router (SR OS 9.0.R9)",96
58.216.54.125,,"Alcatel-Lucent 7750 Service Router (SR OS 9.0.R9)",96
58.216.54.245,,"Alcatel-Lucent 7750 Service Router (SR OS 9.0.R9)",96
58.216.136.105,,"Alcatel-Lucent 7750 Service Router (SR OS 9.0.R9)",96
58.216.136.129,,"Alcatel-Lucent 7750 Service Router (SR OS 9.0.R9)",96
58.216.136.161,,"Alcatel-Lucent 7750 Service Router (SR OS 9.0.R9)",96
58.216.136.173,,"Alcatel-Lucent 7750 Service Router (SR OS 9.0.R9)",96
58.216.137.33,,"Alcatel-Lucent 7750 Service Router (SR OS 9.0.R9)",96
58.216.137.161,,"Alcatel-Lucent 7750 Service Router (SR OS 9.0.R9)",96
58.216.137.177,,"Alcatel-Lucent 7750 Service Router (SR OS 9.0.R9)",96
58.216.139.65,,"Alcatel-Lucent 7750 Service Router (SR OS 9.0.R9)",96
58.216.139.69,,"Alcatel-Lucent 7750 Service Router (SR OS 9.0.R9)",95
58.216.140.49,,"Alcatel-Lucent 7750 Service Router (SR OS 9.0.R9)",96
58.216.140.137,,"Alcatel-Lucent 7750 Service Router (SR OS 9.0.R9)",96
58.216.140.217,,"Alcatel-Lucent 7750 Service Router (SR OS 9.0.R9)",96
58.216.141.45,,"Alcatel-Lucent 7750 Service Router (SR OS 9.0.R9)",96
58.216.142.209,,"Alcatel-Lucent 7750 Service Router (SR OS 9.0.R9)",96
58.216.145.1,,"Alcatel-Lucent 7750 Service Router (SR OS 9.0.R9)",95
58.216.145.61,,"Alcatel-Lucent 7750 Service Router (SR OS 9.0.R9)",96
58.216.145.69,,"Alcatel-Lucent 7750 Service Router (SR OS 9.0.R9)",96
58.216.145.145,,"Alcatel-Lucent 7750 Service Router (SR OS 9.0.R9)",96
58.216.145.153,,"Alcatel-Lucent 7750 Service Router (SR OS 9.0.R9)",96
58.216.148.1,,"Alcatel-Lucent 7750 Service Router (SR OS 9.0.R9)",96
58.216.148.125,,"Alcatel-Lucent 7750 Service Router (SR OS 9.0.R9)",95
58.216.148.161,,"Alcatel-Lucent 7750 Service Router (SR OS 9.0.R9)",96
58.216.148.237,,"Alcatel-Lucent 7750 Service Router (SR OS 9.0.R9)",96
58.216.148.253,,"Alcatel-Lucent 7750 Service Router (SR OS 9.0.R9)",96
58.216.149.17,,"Alcatel-Lucent 7750 Service Router (SR OS 9.0.R9)",96
58.216.150.157,,"Alcatel-Lucent 7750 Service Router (SR OS 9.0.R9)",96
58.216.151.73,,"Alcatel-Lucent 7750 Service Router (SR OS 9.0.R9)",96
58.216.152.225,,"Alcatel-Lucent 7750 Service Router (SR OS 9.0.R9)",96
58.216.153.45,,"Alcatel-Lucent 7750 Service Router (SR OS 9.0.R9)",96
58.216.155.169,,"Alcatel-Lucent 7750 Service Router (SR OS 9.0.R9)",96
58.216.157.161,,"Alcatel-Lucent 7750 Service Router (SR OS 9.0.R9)",96
58.216.158.169,,"Alcatel-Lucent 7750 Service Router (SR OS 9.0.R9)",96
58.216.159.6,,"Redback Networks SmartEdge 600 router (SmartEdge OS)",89
58.216.159.129,,"Alcatel-Lucent 7750 Service Router (SR OS 9.0.R9)",96
58.216.160.193,,"Alcatel-Lucent 7750 Service Router (SR OS 9.0.R9)",95
58.216.160.209,,"Alcatel-Lucent 7750 Service Router (SR OS 9.0.R9)",96
58.216.164.45,,"Alcatel-Lucent 7750 Service Router (SR OS 9.0.R9)",96
58.216.164.201,,"Alcatel-Lucent 7750 Service Router (SR OS 9.0.R9)",96
58.216.167.25,,"Alcatel-Lucent 7750 Service Router (SR OS 9.0.R9)",96
58.216.167.73,,"Alcatel-Lucent 7750 Service Router (SR OS 9.0.R9)",96
58.216.168.69,,"Alcatel-Lucent 7750 Service Router (SR OS 9.0.R9)",96
58.216.168.101,,"Alcatel-Lucent 7750 Service Router (SR OS 9.0.R9)",96
58.216.169.69,,"Alcatel-Lucent 7750 Service Router (SR OS 9.0.R9)",96
58.216.169.153,,"Alcatel-Lucent 7750 Service Router (SR OS 9.0.R9)",96
58.216.169.165,,"Alcatel-Lucent 7750 Service Router (SR OS 9.0.R9)",96
58.216.169.221,,"Alcatel-Lucent 7750 Service Router (SR OS 9.0.R9)",96
58.216.171.33,,"Alcatel-Lucent 7750 Service Router (SR OS 9.0.R9)",95
58.216.179.5,,"Alcatel-Lucent 7750 Service Router (SR OS 9.0.R9)",96
58.216.179.229,,"Alcatel-Lucent 7750 Service Router (SR OS 9.0.R9)",96
58.216.181.77,,"Alcatel-Lucent 7750 Service Router (SR OS 9.0.R9)",96
58.216.181.81,,"Alcatel-Lucent 7750 Service Router (SR OS 9.0.R9)",96
58.216.181.85,,"Alcatel-Lucent 7750 Service Router (SR OS 9.0.R9)",96
58.216.181.217,,"Alcatel-Lucent 7750 Service Router (SR OS 9.0.R9)",96
58.216.182.133,,"Alcatel-Lucent 7750 Service Router (SR OS 9.0.R9)",96
58.216.182.169,,"Alcatel-Lucent 7750 Service Router (SR OS 9.0.R9)",96
58.216.182.189,,"Alcatel-Lucent 7750 Service Router (SR OS 9.0.R9)",96
58.216.184.129,,"Alcatel-Lucent 7750 Service Router (SR OS 9.0.R9)",96
58.216.184.173,,"Alcatel-Lucent 7750 Service Router (SR OS 9.0.R9)",95
58.216.185.89,,"Alcatel-Lucent 7750 Service Router (SR OS 9.0.R9)",96
58.216.185.93,,"Alcatel-Lucent 7750 Service Router (SR OS 9.0.R9)",96
58.216.185.129,,"Alcatel-Lucent 7750 Service Router (SR OS 9.0.R9)",96
58.216.185.157,,"Alcatel-Lucent 7750 Service Router (SR OS 9.0.R9)",96
58.216.185.217,,"Alcatel-Lucent 7750 Service Router (SR OS 9.0.R9)",96
58.216.186.105,,"Alcatel-Lucent 7750 Service Router (SR OS 9.0.R9)",96
58.216.186.121,,"Alcatel-Lucent 7750 Service Router (SR OS 9.0.R9)",96
58.216.186.193,,"Alcatel-Lucent 7750 Service Router (SR OS 9.0.R9)",96
58.216.190.241,,"Alcatel-Lucent 7750 Service Router (SR OS 9.0.R9)",96
58.216.197.129,,"Alcatel-Lucent 7750 Service Router (SR OS 9.0.R9)",96
58.216.199.29,,"Alcatel-Lucent 7750 Service Router (SR OS 9.0.R9)",96
58.216.199.189,,"Alcatel-Lucent 7750 Service Router (SR OS 9.0.R9)",96
58.216.199.225,,"Netgear DG834G WAP or Western Digital WD TV media player",89
58.216.201.225,,"Alcatel-Lucent 7750 Service Router (SR OS 9.0.R9)",96
58.216.202.21,,"Alcatel-Lucent 7750 Service Router (SR OS 9.0.R9)",95
58.216.202.97,,"Alcatel-Lucent 7750 Service Router (SR OS 9.0.R9)",96
58.216.203.217,,"Alcatel-Lucent 7750 Service Router (SR OS 9.0.R9)",96
58.216.204.81,,"Alcatel-Lucent 7750 Service Router (SR OS 9.0.R9)",95
58.216.204.125,,"Alcatel-Lucent 7750 Service Router (SR OS 9.0.R9)",96
58.216.204.137,,"Alcatel-Lucent 7750 Service Router (SR OS 9.0.R9)",96
58.216.204.169,,"Alcatel-Lucent 7750 Service Router (SR OS 9.0.R9)",96
58.216.205.25,,"Alcatel-Lucent 7750 Service Router (SR OS 9.0.R9)",96
58.216.205.105,,"Alcatel-Lucent 7750 Service Router (SR OS 9.0.R9)",96
58.216.205.153,,"Alcatel-Lucent 7750 Service Router (SR OS 9.0.R9)",96
58.216.205.241,,"Alcatel-Lucent 7750 Service Router (SR OS 9.0.R9)",96
58.216.207.5,,"Alcatel-Lucent 7750 Service Router (SR OS 9.0.R9)",96
58.216.207.81,,"Alcatel-Lucent 7750 Service Router (SR OS 9.0.R9)",96
58.216.211.197,,"Alcatel-Lucent 7750 Service Router (SR OS 9.0.R9)",95
58.216.212.89,,"Alcatel-Lucent 7750 Service Router (SR OS 9.0.R9)",96
58.216.212.177,,"Alcatel-Lucent 7750 Service Router (SR OS 9.0.R9)",96
58.216.212.237,,"Alcatel-Lucent 7750 Service Router (SR OS 9.0.R9)",96
58.216.216.177,,"Alcatel-Lucent 7750 Service Router (SR OS 9.0.R9)",95
58.216.217.41,,"Alcatel-Lucent 7750 Service Router (SR OS 9.0.R9)",95
58.216.223.145,,"Alcatel-Lucent 7750 Service Router (SR OS 9.0.R9)",95
58.216.224.65,,"Alcatel-Lucent 7750 Service Router (SR OS 9.0.R9)",95
58.216.225.121,,"Alcatel-Lucent 7750 Service Router (SR OS 9.0.R9)",96
58.216.227.225,,"Alcatel-Lucent 7750 Service Router (SR OS 9.0.R9)",96
58.216.228.173,,"Alcatel-Lucent 7750 Service Router (SR OS 9.0.R9)",96
58.216.229.17,,"Alcatel-Lucent 7750 Service Router (SR OS 9.0.R9)",96
58.216.229.137,,"Alcatel-Lucent 7750 Service Router (SR OS 9.0.R9)",96
58.216.229.141,,"Alcatel-Lucent 7750 Service Router (SR OS 9.0.R9)",96
58.216.229.229,,"Alcatel-Lucent 7750 Service Router (SR OS 9.0.R9)",96
58.216.231.97,,"Alcatel-Lucent 7750 Service Router (SR OS 9.0.R9)",96
58.216.232.17,,"Alcatel-Lucent 7750 Service Router (SR OS 9.0.R9)",96
58.216.232.49,,"Alcatel-Lucent 7750 Service Router (SR OS 9.0.R9)",96
58.216.232.105,,"Alcatel-Lucent 7750 Service Router (SR OS 9.0.R9)",96
58.216.232.241,,"Alcatel-Lucent 7750 Service Router (SR OS 9.0.R9)",96
58.216.233.209,,"Alcatel-Lucent 7750 Service Router (SR OS 9.0.R9)",96
58.216.235.33,,"Alcatel-Lucent 7750 Service Router (SR OS 9.0.R9)",96
58.216.235.201,,"Alcatel-Lucent 7750 Service Router (SR OS 9.0.R9)",96
58.216.235.209,,"Alcatel-Lucent 7750 Service Router (SR OS 9.0.R9)",96
58.216.235.217,,"Alcatel-Lucent 7750 Service Router (SR OS 9.0.R9)",96
58.216.238.81,,"Alcatel-Lucent 7750 Service Router (SR OS 9.0.R9)",96
58.216.238.225,,"Alcatel-Lucent 7750 Service Router (SR OS 9.0.R9)",96
58.216.238.241,,"Alcatel-Lucent 7750 Service Router (SR OS 9.0.R9)",96
58.216.239.121,,"Alcatel-Lucent 7750 Service Router (SR OS 9.0.R9)",96
58.216.240.41,,"Alcatel-Lucent 7750 Service Router (SR OS 9.0.R9)",96
58.216.243.177,,"Alcatel-Lucent 7750 Service Router (SR OS 9.0.R9)",96
58.217.20.30,,"Huawei MA5200 router",96
58.217.46.137,,"Alcatel-Lucent 7750 Service Router (SR OS 9.0.R9)",99
58.218.35.53,,"Alcatel-Lucent 7750 Service Router (SR OS 9.0.R9)",96
58.218.35.81,,"Alcatel-Lucent 7750 Service Router (SR OS 9.0.R9)",96
58.218.35.105,,"Alcatel-Lucent 7750 Service Router (SR OS 9.0.R9)",96
58.218.35.129,,"Alcatel-Lucent 7750 Service Router (SR OS 9.0.R9)",96
58.218.35.205,,"Alcatel-Lucent 7750 Service Router (SR OS 9.0.R9)",96
58.218.143.26,,"Alcatel-Lucent 7750 Service Router (SR OS 9.0.R9)",96
58.218.144.69,,"Alcatel-Lucent 7750 Service Router (SR OS 9.0.R9)",96
58.218.144.177,,"Alcatel-Lucent 7750 Service Router (SR OS 9.0.R9)",96
58.218.144.209,,"Alcatel-Lucent 7750 Service Router (SR OS 9.0.R9)",96
58.218.145.45,,"Alcatel-Lucent 7750 Service Router (SR OS 9.0.R9)",96
58.218.145.201,,"Alcatel-Lucent 7750 Service Router (SR OS 9.0.R9)",95
58.218.146.9,,"Alcatel-Lucent 7750 Service Router (SR OS 9.0.R9)",96
58.218.146.13,,"Alcatel-Lucent 7750 Service Router (SR OS 9.0.R9)",96
58.218.147.1,,"Alcatel-Lucent 7750 Service Router (SR OS 9.0.R9)",96
58.218.148.25,,"Alcatel-Lucent 7750 Service Router (SR OS 9.0.R9)",96
58.218.148.129,,"Alcatel-Lucent 7750 Service Router (SR OS 9.0.R9)",96
58.218.148.157,,"Alcatel-Lucent 7750 Service Router (SR OS 9.0.R9)",96
58.218.149.1,,"Alcatel-Lucent 7750 Service Router (SR OS 9.0.R9)",96
58.218.149.25,,"Alcatel-Lucent 7750 Service Router (SR OS 9.0.R9)",96
58.218.149.61,,"Alcatel-Lucent 7750 Service Router (SR OS 9.0.R9)",95
58.218.149.145,,"Alcatel-Lucent 7750 Service Router (SR OS 9.0.R9)",96
58.218.149.165,,"Alcatel-Lucent 7750 Service Router (SR OS 9.0.R9)",96
58.218.150.237,,"Alcatel-Lucent 7750 Service Router (SR OS 9.0.R9)",99
58.218.161.29,,"Alcatel-Lucent 7750 Service Router (SR OS 9.0.R9)",96
58.218.161.33,,"Alcatel-Lucent 7750 Service Router (SR OS 9.0.R9)",96
58.218.162.1,,"Alcatel-Lucent 7750 Service Router (SR OS 9.0.R9)",96
58.218.162.49,,"Alcatel-Lucent 7750 Service Router (SR OS 9.0.R9)",96
58.218.162.161,,"Alcatel-Lucent 7750 Service Router (SR OS 9.0.R9)",96
58.218.165.129,,"Alcatel-Lucent 7750 Service Router (SR OS 9.0.R9)",96
58.218.166.33,,"Alcatel-Lucent 7750 Service Router (SR OS 9.0.R9)",96
58.218.166.97,,"Alcatel-Lucent 7750 Service Router (SR OS 9.0.R9)",96
58.218.166.109,,"Alcatel-Lucent 7750 Service Router (SR OS 9.0.R9)",95
58.218.172.157,,"Alcatel-Lucent 7750 Service Router (SR OS 9.0.R9)",96
58.218.173.53,,"Alcatel-Lucent 7750 Service Router (SR OS 9.0.R9)",96
58.218.173.109,,"Alcatel-Lucent 7750 Service Router (SR OS 9.0.R9)",96
58.218.173.133,,"Alcatel-Lucent 7750 Service Router (SR OS 9.0.R9)",96
58.218.174.69,,"Alcatel-Lucent 7750 Service Router (SR OS 9.0.R9)",95
58.218.174.129,,"Alcatel-Lucent 7750 Service Router (SR OS 9.0.R9)",96
58.218.174.137,,"Alcatel-Lucent 7750 Service Router (SR OS 9.0.R9)",95
58.218.175.185,,"Alcatel-Lucent 7750 Service Router (SR OS 9.0.R9)",96
58.218.180.125,,"Alcatel-Lucent 7750 Service Router (SR OS 9.0.R9)",96
58.218.180.141,,"Alcatel-Lucent 7750 Service Router (SR OS 9.0.R9)",95
58.218.180.221,,"Alcatel-Lucent 7750 Service Router (SR OS 9.0.R9)",96
58.218.181.37,,"Alcatel-Lucent 7750 Service Router (SR OS 9.0.R9)",96
58.218.181.45,,"Alcatel-Lucent 7750 Service Router (SR OS 9.0.R9)",96
58.218.181.181,,"Alcatel-Lucent 7750 Service Router (SR OS 9.0.R9)",96
58.218.182.97,,"Alcatel-Lucent 7750 Service Router (SR OS 9.0.R9)",95
58.218.182.122,,"Microsoft Windows XP SP3",97
58.218.182.161,,"Alcatel-Lucent 7750 Service Router (SR OS 9.0.R9)",96
58.218.231.62,,"Huawei S2326 switch",97
58.218.231.194,,"Avaya G700 Telephony Media Gateway or Sun Advanced Lights Out Maganer 1.5.2 (VxWorks)",97
58.218.231.211,,"HP ProCurve 2524 switch or 9100c Digital Sender printer",92
58.218.242.29,,"Alcatel-Lucent 7750 Service Router (SR OS 9.0.R9)",99
58.218.242.209,,"Alcatel-Lucent 7750 Service Router (SR OS 9.0.R9)",99
58.218.248.5,,"Alcatel-Lucent 7750 Service Router (SR OS 9.0.R9)",96
58.218.248.9,,"Alcatel-Lucent 7750 Service Router (SR OS 9.0.R9)",96
58.218.248.25,,"Alcatel-Lucent 7750 Service Router (SR OS 9.0.R9)",96
58.218.248.49,,"Alcatel-Lucent 7750 Service Router (SR OS 9.0.R9)",96
58.218.248.113,,"Alcatel-Lucent 7750 Service Router (SR OS 9.0.R9)",96
58.218.248.129,,"Alcatel-Lucent 7750 Service Router (SR OS 9.0.R9)",96
58.218.248.133,,"Alcatel-Lucent 7750 Service Router (SR OS 9.0.R9)",96
58.218.248.225,,"Alcatel-Lucent 7750 Service Router (SR OS 9.0.R9)",96
58.218.252.13,,"Alcatel-Lucent 7750 Service Router (SR OS 9.0.R9)",96
58.218.252.33,,"Alcatel-Lucent 7750 Service Router (SR OS 9.0.R9)",96
58.218.252.73,,"Alcatel-Lucent 7750 Service Router (SR OS 9.0.R9)",96
58.218.252.121,,"Alcatel-Lucent 7750 Service Router (SR OS 9.0.R9)",95
58.218.252.149,,"Alcatel-Lucent 7750 Service Router (SR OS 9.0.R9)",96
58.218.254.97,,"Alcatel-Lucent 7750 Service Router (SR OS 9.0.R9)",96
58.218.254.113,,"Alcatel-Lucent 7750 Service Router (SR OS 9.0.R9)",96
58.218.254.165,,"Alcatel-Lucent 7750 Service Router (SR OS 9.0.R9)",96
58.218.255.17,,"Alcatel-Lucent 7750 Service Router (SR OS 9.0.R9)",96
58.219.33.179,,"Linux 2.4.33 (embedded)",96
58.219.36.3,,"Novell NetWare 6.5 Open Enterprise Server",93
58.219.38.60,,"Microsoft Windows XP SP2 - SP3",96
58.219.39.51,,"Microsoft Windows XP SP2 - SP3",95
58.219.49.35,,"Microsoft Windows XP SP3",96
58.219.80.244,,"Microsoft Windows 7 SP0 - SP1",96
58.219.81.123,,"Microsoft Windows XP SP2 - SP3",96
58.219.88.226,,"Microsoft Windows XP SP3",92
58.219.134.93,,"Microsoft Windows XP SP2 or SP3",96
58.219.168.137,,"Microsoft Windows XP SP3",95
58.219.225.245,,"Microsoft Windows XP SP2 - SP3",96
58.219.226.9,,"Microsoft Windows 7 SP0 - SP1",96
58.219.251.4,,"H3C E126A or S3100-8T-SI switch (Comware 3.10)",96
58.220.136.29,,"Alcatel-Lucent 7750 Service Router (SR OS 9.0.R9)",96
58.220.137.25,,"Alcatel-Lucent 7750 Service Router (SR OS 9.0.R9)",96
58.220.137.29,,"3Com SuperStack 3 Switch 3870",94
58.220.137.37,,"Alcatel-Lucent 7750 Service Router (SR OS 9.0.R9)",96
58.220.138.146,,"Alcatel-Lucent 7750 Service Router (SR OS 9.0.R9)",96
58.220.151.118,,"Huawei MA5200 router",96
58.220.165.58,,"Alcatel-Lucent 7750 Service Router (SR OS 9.0.R9)",95
58.220.165.238,,"Huawei MA5200 router",96
58.220.169.158,,"Alcatel-Lucent 7750 Service Router (SR OS 9.0.R9)",96
58.220.170.65,,"Alcatel-Lucent 7750 Service Router (SR OS 9.0.R9)",96
58.220.223.197,,"Alcatel-Lucent 7750 Service Router (SR OS 9.0.R9)",96
58.220.223.209,,"Alcatel-Lucent 7750 Service Router (SR OS 9.0.R9)",96
58.220.226.73,,"Alcatel-Lucent 7750 Service Router (SR OS 9.0.R9)",96
58.220.226.145,,"Alcatel-Lucent 7750 Service Router (SR OS 9.0.R9)",96
58.220.226.153,,"Alcatel-Lucent 7750 Service Router (SR OS 9.0.R9)",96
58.220.226.189,,"Alcatel-Lucent 7750 Service Router (SR OS 9.0.R9)",96
58.220.227.45,,"Alcatel-Lucent 7750 Service Router (SR OS 9.0.R9)",96
58.220.227.53,,"Alcatel-Lucent 7750 Service Router (SR OS 9.0.R9)",96
58.220.227.65,,"Alcatel-Lucent 7750 Service Router (SR OS 9.0.R9)",96
58.220.227.93,,"Alcatel-Lucent 7750 Service Router (SR OS 9.0.R9)",96
58.220.227.141,,"Alcatel-Lucent 7750 Service Router (SR OS 9.0.R9)",96
58.220.228.1,,"Alcatel-Lucent 7750 Service Router (SR OS 9.0.R9)",96
58.220.228.149,,"Alcatel-Lucent 7750 Service Router (SR OS 9.0.R9)",96
58.220.228.217,,"Alcatel-Lucent 7750 Service Router (SR OS 9.0.R9)",96
58.220.228.241,,"Alcatel-Lucent 7750 Service Router (SR OS 9.0.R9)",96
58.220.235.1,,"Alcatel-Lucent 7750 Service Router (SR OS 9.0.R9)",96
58.220.235.157,,"Alcatel-Lucent 7750 Service Router (SR OS 9.0.R9)",96
58.220.235.205,,"Alcatel-Lucent 7750 Service Router (SR OS 9.0.R9)",96
58.220.236.177,,"Alcatel-Lucent 7750 Service Router (SR OS 9.0.R9)",99
58.220.236.205,,"Alcatel-Lucent 7750 Service Router (SR OS 9.0.R9)",99
58.220.237.249,,"Alcatel-Lucent 7750 Service Router (SR OS 9.0.R9)",96
58.220.240.45,,"Alcatel-Lucent 7750 Service Router (SR OS 9.0.R9)",96
58.220.240.77,,"Alcatel-Lucent 7750 Service Router (SR OS 9.0.R9)",96
58.220.242.37,,"Alcatel-Lucent 7750 Service Router (SR OS 9.0.R9)",96
58.220.248.177,,"Alcatel-Lucent 7750 Service Router (SR OS 9.0.R9)",96
58.220.249.49,,"Alcatel-Lucent 7750 Service Router (SR OS 9.0.R9)",94
58.220.249.113,,"Alcatel-Lucent 7750 Service Router (SR OS 9.0.R9)",96
58.220.251.169,,"Alcatel-Lucent 7750 Service Router (SR OS 9.0.R9)",96
58.220.251.193,,"Alcatel-Lucent 7750 Service Router (SR OS 9.0.R9)",96
58.220.253.41,,"Alcatel-Lucent 7750 Service Router (SR OS 9.0.R9)",96
58.220.253.69,,"Alcatel-Lucent 7750 Service Router (SR OS 9.0.R9)",96
58.220.253.113,,"Alcatel-Lucent 7750 Service Router (SR OS 9.0.R9)",96
58.221.27.238,,"Cabletron ELS100-24TXM switch",90
58.222.73.214,,"Linux 2.6.27",95
58.222.132.254,,"Linux 2.6.13 (embedded)",99
58.222.236.211,,VxWorks,99
58.222.248.198,,"Linux 2.6.27",95
58.222.252.138,,"Netopia 2247 ADSL router",88
58.223.57.8,,"OpenWrt (Linux 2.4.32)",94
58.223.64.86,,"OpenWrt (Linux 2.4.32)",94
58.223.94.229,,"Linux 2.6.18",96
58.223.192.1,,"Alcatel-Lucent 7750 Service Router (SR OS 9.0.R9)",96
58.223.194.1,,"Alcatel-Lucent 7750 Service Router (SR OS 9.0.R9)",96
58.223.229.6,,"OpenWrt (Linux 2.4.32)",94
58.223.237.164,,"OpenWrt (Linux 2.4.32)",94
58.223.237.187,,"OpenWrt White Russian 0.9 (Linux 2.4.30)",94
58.223.238.177,,"OpenWrt (Linux 2.4.32)",94
58.223.239.137,,"OpenWrt (Linux 2.4.32)",94
58.223.242.65,,"Alcatel-Lucent 7750 Service Router (SR OS 9.0.R9)",95
58.223.254.5,,"OpenWrt (Linux 2.4.32)",94
58.224.55.178,,"Linux 2.6.18",99
58.224.197.129,,"Linux 2.4.31 (Slackware v10.2)",98
58.225.60.16,,"Linux 2.6.18",98
58.225.118.173,,"Linux 2.6.32",99
58.226.47.72,,"Linux 2.6.17 - 2.6.36",97
58.227.215.243,,"Asus RT-N10 router or AXIS 211A Network Camera (Linux 2.6)",99
58.229.30.65,,"Alcatel-Lucent 7750 Service Router (SR OS 9.0.R9)",96
58.229.30.209,,"Alcatel-Lucent 7750 Service Router (SR OS 9.0.R9)",96
58.229.54.45,,"Juniper MX960 router (JUNOS 9.5R3.7)",97
58.229.63.185,,"Alcatel-Lucent 7750 Service Router (SR OS 9.0.R9)",96
58.229.88.154,,"Linux 2.4.31 (Slackware v10.2)",97
58.229.214.244,,"Linux 2.4.9 - 2.4.18 (likely embedded)",97
58.229.223.196,,"Linux 2.6.18",99
58.230.23.110,,"Linux 2.6.27",95
58.231.42.18,,"Linux 2.6.18",99
58.231.186.98,,"Linux 2.6.18",98
58.231.201.70,,"Linux 2.4.9 - 2.4.18 (likely embedded)",97
58.232.18.59,,"Linux 2.6.18",99
58.232.148.194,,"Linksys WRV54G WAP",97
58.232.170.60,,"D-Link DVG-5112S or DVG-6004S VoIP adapter",96
58.233.142.8,,"Linux 2.6.18",99
58.234.141.148,,"Linux 2.6.18",99
58.235.105.126,,"Linux 2.6.18",98
58.235.114.161,,"Linux 2.6.18",99
58.235.248.48,,"Linux 2.6.18",99
58.235.248.54,,"Linux 2.6.18",99
58.236.134.186,,"Linux 2.6.18 - 2.6.32",97
58.237.98.133,,"Linux 2.6.17 - 2.6.36",97
58.237.208.194,,"Linux 2.4.9 - 2.4.18 (likely embedded)",97
58.237.217.94,,"D-Link DVG-5112S or DVG-6004S VoIP adapter",96
58.238.18.89,,"Linux 2.6.18",99
58.238.25.69,,"Linux 2.6.14 - 2.6.30",94
58.238.29.207,,"Linux 2.4.9 - 2.4.18 (likely embedded)",97
58.238.196.186,,"Linux 2.6.18 - 2.6.32",98
58.238.234.245,,"Linux 2.6.32",99
58.238.246.169,,"Linux 2.6.18",98
58.239.9.111,,"Linux 2.6.18",98
58.239.36.135,,"Linux 2.6.18",98
58.239.74.37,,"Alcatel-Lucent 7750 Service Router (SR OS 9.0.R9)",96
58.239.80.34,,"Linux 2.6.32",99
58.239.121.214,,"Linux 2.6.18",99
58.241.228.39,,"Linux 2.4.33 (embedded)",95
58.243.198.46,,"Linux 2.4.33 (embedded)",96
58.244.28.228,228.28.244.58.adsl-pool.jlccptt.net.cn,"Linux 2.4.33 (embedded)",96
58.246.167.66,,"LifeSize video conferencing system or ShoreTel 8800 VoIP phone (Linux 2.4)",96
58.246.241.246,,"D-Link DVG-5112S or DVG-6004S VoIP adapter",96
58.247.195.13,,"Linux 2.4.33 (embedded)",96
58.247.239.94,,"Linux 2.4.33 (embedded)",96
58.250.126.135,,"Motorola SURFboard SB5100E cable modem",94
58.252.17.163,,"Linux 2.4.33 (embedded)",95
58.253.32.15,,"Linux 2.4.33 (embedded)",99
59.0.240.147,,"Linksys WRV54G WAP",97
59.1.132.222,,"Linux 2.6.9 - 2.6.33",97
59.4.36.185,,"Sony PSP game console (modified, running Custom Firmware 3.90 - 5.50)",91
59.4.40.73,,"Microsoft Windows XP SP2 or SP3",97
59.6.140.225,,"Alcatel-Lucent 7750 Service Router (SR OS 9.0.R9)",96
59.9.102.97,,"Linux 2.6.18",96
59.12.35.205,,"Linux 2.4.18 - 2.4.35 (likely embedded)",96
59.12.113.168,,"Linksys WRV54G WAP",98
59.13.48.221,,"D-Link DVG-5112S or DVG-6004S VoIP adapter",96
59.14.118.224,,"Linux 2.6.18 - 2.6.32",99
59.17.242.94,,"Linksys WRV54G WAP",98
59.22.166.21,,"Juniper J4350 router",93
59.23.10.193,,"Linux 2.6.18",99
59.24.237.201,,"Ricoh Aficio SP C311N printer (VxWorks)",95
59.25.37.239,,"OpenWrt Backfire 10.03.1 (Linux 2.6.32)",97
59.25.244.123,,"Linux 2.6.18",95
59.26.10.52,,"Microsoft Windows 2000 SP4",97
59.26.73.159,,"Linux 2.6.9 - 2.6.33",97
59.26.74.114,,"Aruba A800 wireless LAN switch",98
59.26.104.90,,"Aruba A800 wireless LAN switch",98
59.26.226.172,,"Microsoft Windows XP SP2",97
59.27.21.210,,"Linux 2.6.13 - 2.6.32",97
59.27.58.129,,"Lantronix SLC 8 terminal server (Linux 2.6)",96
59.28.28.214,,"Linux 2.6.18",99
59.31.42.31,,"Asus RT-AC66U router (Linux 2.6)",92
59.31.44.56,,"Linksys WRV54G WAP",97
59.31.161.44,,"Linux 2.6.13 - 2.6.32",97
59.31.177.42,,"Linux 2.6.13 - 2.6.32",97
59.31.226.161,,"Comtrend CT536 wireless ADSL router",95
59.31.239.53,,"BSDI BSD/OS 4.2",92
59.32.24.41,,"Alcatel-Lucent 7750 Service Router (SR OS 9.0.R9)",96
59.32.24.185,,"Alcatel-Lucent 7750 Service Router (SR OS 9.0.R9)",96
59.32.24.245,,"Alcatel-Lucent 7750 Service Router (SR OS 9.0.R9)",96
59.32.29.101,,"Alcatel-Lucent 7750 Service Router (SR OS 9.0.R9)",96
59.32.30.105,,"Alcatel-Lucent 7750 Service Router (SR OS 9.0.R9)",96
59.32.30.113,,"Alcatel-Lucent 7750 Service Router (SR OS 9.0.R9)",96
59.32.30.129,,"Alcatel-Lucent 7750 Service Router (SR OS 9.0.R9)",96
59.32.31.81,,"Alcatel-Lucent 7750 Service Router (SR OS 9.0.R9)",96
59.32.31.117,,"Alcatel-Lucent 7750 Service Router (SR OS 9.0.R9)",96
59.32.31.185,,"Alcatel-Lucent 7750 Service Router (SR OS 9.0.R9)",96
59.32.31.217,,"Alcatel-Lucent 7750 Service Router (SR OS 9.0.R9)",96
59.32.36.233,,"Alcatel-Lucent 7750 Service Router (SR OS 9.0.R9)",96
59.32.36.253,,"Alcatel-Lucent 7750 Service Router (SR OS 9.0.R9)",96
59.32.63.69,,"Alcatel-Lucent 7750 Service Router (SR OS 9.0.R9)",96
59.32.63.97,,"Alcatel-Lucent 7750 Service Router (SR OS 9.0.R9)",96
59.32.63.117,,"Alcatel-Lucent 7750 Service Router (SR OS 9.0.R9)",96
59.32.64.85,,"Alcatel-Lucent 7750 Service Router (SR OS 9.0.R9)",96
59.32.65.173,,"Alcatel-Lucent 7750 Service Router (SR OS 9.0.R9)",96
59.32.65.249,,"Alcatel-Lucent 7750 Service Router (SR OS 9.0.R9)",95
59.32.167.245,245.167.32.59.broad.qy.gd.dynamic.163data.com.cn,"Linux 2.4.33 (embedded)",97
59.32.176.73,,"Alcatel-Lucent 7750 Service Router (SR OS 9.0.R9)",96
59.32.177.41,,"Alcatel-Lucent 7750 Service Router (SR OS 9.0.R9)",96
59.32.205.9,,"Alcatel-Lucent 7750 Service Router (SR OS 9.0.R9)",99
59.32.238.9,,"Alcatel-Lucent 7750 Service Router (SR OS 9.0.R9)",96
59.33.36.118,,"Alcatel-Lucent 7750 Service Router (SR OS 9.0.R9)",96
59.33.36.254,,"Alcatel-Lucent 7750 Service Router (SR OS 9.0.R9)",96
59.33.82.158,,"Alcatel-Lucent 7750 Service Router (SR OS 9.0.R9)",96
59.33.83.214,,"Alcatel-Lucent 7750 Service Router (SR OS 9.0.R9)",96
59.33.85.200,200.85.33.59.broad.zs.gd.dynamic.163data.com.cn,"Alcatel-Lucent 7750 Service Router (SR OS 9.0.R9)",96
59.33.175.9,,"Alcatel-Lucent 7750 Service Router (SR OS 9.0.R9)",96
59.33.250.217,,"Alcatel-Lucent 7750 Service Router (SR OS 9.0.R9)",95
59.33.252.57,,"Alcatel-Lucent 7750 Service Router (SR OS 9.0.R9)",96
59.33.255.185,,"Alcatel-Lucent 7750 Service Router (SR OS 9.0.R9)",96
59.34.13.225,,"Alcatel-Lucent 7750 Service Router (SR OS 9.0.R9)",95
59.34.14.41,,"Alcatel-Lucent 7750 Service Router (SR OS 9.0.R9)",96
59.34.15.41,,"Alcatel-Lucent 7750 Service Router (SR OS 9.0.R9)",96
59.34.17.209,,"Alcatel-Lucent 7750 Service Router (SR OS 9.0.R9)",96
59.34.127.81,,"Alcatel-Lucent 7750 Service Router (SR OS 9.0.R9)",96
59.34.130.177,,"Alcatel-Lucent 7750 Service Router (SR OS 9.0.R9)",95
59.34.223.65,,"Alcatel-Lucent 7750 Service Router (SR OS 9.0.R9)",96
59.34.223.225,,"Alcatel-Lucent 7750 Service Router (SR OS 9.0.R9)",95
59.34.232.1,,"Alcatel-Lucent 7750 Service Router (SR OS 9.0.R9)",96
59.34.238.216,,"Alcatel-Lucent 7750 Service Router (SR OS 9.0.R9)",94
59.36.244.1,,"Alcatel-Lucent 7750 Service Router (SR OS 9.0.R9)",96
59.37.59.9,,"Alcatel-Lucent 7750 Service Router (SR OS 9.0.R9)",96
59.37.163.1,,"Alcatel-Lucent 7750 Service Router (SR OS 9.0.R9)",96
59.37.243.217,217.243.37.59.broad.dg.gd.dynamic.163data.com.cn,"Linux 2.4.33 (embedded)",99
59.38.33.149,,"Alcatel-Lucent 7750 Service Router (SR OS 9.0.R9)",96
59.38.33.177,,"Alcatel-Lucent 7750 Service Router (SR OS 9.0.R9)",96
59.38.34.193,,"Alcatel-Lucent 7750 Service Router (SR OS 9.0.R9)",96
59.39.63.33,,"Alcatel-Lucent 7750 Service Router (SR OS 9.0.R9)",95
59.39.63.201,,"Alcatel-Lucent 7750 Service Router (SR OS 9.0.R9)",95
59.39.88.165,,"Alcatel-Lucent 7750 Service Router (SR OS 9.0.R9)",96
59.39.89.17,,"Alcatel-Lucent 7750 Service Router (SR OS 9.0.R9)",96
59.39.89.241,,"Alcatel-Lucent 7750 Service Router (SR OS 9.0.R9)",96
59.39.90.1,,"Alcatel-Lucent 7750 Service Router (SR OS 9.0.R9)",96
59.39.90.137,,"Alcatel-Lucent 7750 Service Router (SR OS 9.0.R9)",95
59.39.91.97,,"Alcatel-Lucent 7750 Service Router (SR OS 9.0.R9)",96
59.39.91.185,,"Alcatel-Lucent 7750 Service Router (SR OS 9.0.R9)",96
59.39.146.177,,"Alcatel-Lucent 7750 Service Router (SR OS 9.0.R9)",96
59.39.147.41,,"Alcatel-Lucent 7750 Service Router (SR OS 9.0.R9)",96
59.40.123.224,224.123.40.59.broad.sz.gd.dynamic.163data.com.cn,"Linux 2.4.33 (embedded)",96
59.41.14.65,,"Alcatel-Lucent 7750 Service Router (SR OS 9.0.R9)",96
59.41.16.145,,"Alcatel-Lucent 7750 Service Router (SR OS 9.0.R9)",95
59.41.59.201,,"Alcatel-Lucent 7750 Service Router (SR OS 9.0.R9)",96
59.41.72.129,,"Alcatel-Lucent 7750 Service Router (SR OS 9.0.R9)",96
59.41.127.225,,"Alcatel-Lucent 7750 Service Router (SR OS 9.0.R9)",96
59.41.211.129,,"Alcatel-Lucent 7750 Service Router (SR OS 9.0.R9)",96
59.41.222.145,,"Alcatel-Lucent 7750 Service Router (SR OS 9.0.R9)",96
59.41.223.145,,"Alcatel-Lucent 7750 Service Router (SR OS 9.0.R9)",96
59.42.52.81,,"Alcatel-Lucent 7750 Service Router (SR OS 9.0.R9)",95
59.42.83.1,,"Alcatel-Lucent 7750 Service Router (SR OS 9.0.R9)",96
59.42.83.41,,"Alcatel-Lucent 7750 Service Router (SR OS 9.0.R9)",96
59.42.105.33,,"Alcatel-Lucent 7750 Service Router (SR OS 9.0.R9)",96
59.42.158.97,,"Alcatel-Lucent 7750 Service Router (SR OS 9.0.R9)",96
59.42.206.2,2.206.42.59.broad.gz.gd.dynamic.163data.com.cn,"Linksys RV042 router",91
59.42.214.169,,"Alcatel-Lucent 7750 Service Router (SR OS 9.0.R9)",95
59.45.3.228,228.3.45.59.broad.pj.ln.dynamic.163data.com.cn,"Linux 2.4.33 (embedded)",95
59.50.163.55,,"Microsoft Windows XP SP2 - SP3",96
59.50.174.207,,"Microsoft Windows XP SP2 - SP3",96
59.51.163.8,,"Tomato 1.28 (Linux 2.4.20)",87
59.51.219.66,,"Linux 2.4.33 (embedded)",95
59.52.182.90,,"Microsoft Windows 7 SP0 - SP1",96
59.52.232.112,,"Microsoft Windows XP SP3",96
59.55.180.28,,"Secure Computing SG550 firewall (Linux 2.4.31)",96
59.55.247.64,64.247.55.59.broad.ja.jx.dynamic.163data.com.cn,"Linux 2.4.33 (embedded)",99
59.57.139.31,31.139.57.59.board.xm.fj.dynamic.163data.com.cn,"Linux 2.4.33 (embedded)",95
59.61.11.194,194.11.61.59.board.xm.fj.dynamic.163data.com.cn,"Linux 2.4.33 (embedded)",96
59.61.55.166,166.55.61.59.board.xm.fj.dynamic.163data.com.cn,"Secure Computing SG550 firewall (Linux 2.4.31)",96
59.61.112.192,192.112.61.59.broad.fz.fj.dynamic.163data.com.cn,"MikroTik RouterOS 3.30",96
59.61.124.36,36.124.61.59.broad.fz.fj.dynamic.163data.com.cn,"Linux 2.4.33 (embedded)",96
59.61.129.64,64.129.61.59.broad.fz.fj.dynamic.163data.com.cn,"Avaya G700 Telephony Media Gateway or Sun Advanced Lights Out Maganer 1.5.2 (VxWorks)",97
59.61.173.225,225.173.61.59.broad.fz.fj.dynamic.163data.com.cn,"Linux 2.4.33 (embedded)",96
59.62.119.62,,"Xerox WorkCentre Pro 7245 printer",91
59.62.176.130,130.176.62.59.broad.yc.jx.dynamic.163data.com.cn,"Linux 2.4.33 (embedded)",92
59.63.74.133,,"Linux 2.4.33 (embedded)",95
59.86.229.28,,"Linux 2.6.14 - 2.6.30",94
59.92.113.197,,"AVM FRITZ!Box FON WLAN 7170 WAP",90
59.116.32.29,59-116-32-29.dynamic.hinet.net,"Microsoft Windows XP SP2 or SP3",96
59.120.73.33,59-120-73-33.HINET-IP.hinet.net,"Motorola SURFboard SB3100 cable modem (VxWorks 5.3)",89
59.120.74.111,59-120-74-111.HINET-IP.hinet.net,"Microsoft Windows XP Professional SP3",95
59.124.40.210,hpsrv.cortina.com.tw,"Linux 2.4.18 - 2.4.35 (likely embedded)",99
59.124.165.206,59-124-165-206.HINET-IP.hinet.net,"Motorola SURFboard SB5100i cable modem",93
59.125.25.142,59-125-25-142.HINET-IP.hinet.net,"Microsoft Windows XP SP3",97
59.125.61.202,59-125-61-202.HINET-IP.hinet.net,"Huawei Echolife HG520-series ADSL modem",93
59.126.60.108,59-126-60-108.HINET-IP.hinet.net,"Linksys WRV54G WAP",96
59.126.68.16,59-126-68-16.HINET-IP.hinet.net,"Linux 2.6.22",95
59.126.68.46,59-126-68-46.HINET-IP.hinet.net,"Linksys WRV54G WAP",96
59.126.176.31,59-126-176-31.HINET-IP.hinet.net,"Microsoft Windows XP SP2 or Windows Server 2003 SP2",96
59.127.127.73,59-127-127-73.HINET-IP.hinet.net,"Linksys WRV54G WAP",97
59.144.68.201,AES-Static-201.68.144.59.airtel.in,"Juniper Networks J2320 or MX5-T router; or EX2200, EX3200, EX4200, or EX8200 switch (JUNOS 8.5 - 11.2)",95
59.144.94.5,,"Juniper Networks J2320 or MX5-T router; or EX2200, EX3200, EX4200, or EX8200 switch (JUNOS 8.5 - 11.2)",95
59.144.114.241,AES-Static-241.114.144.59.airtel.in,"Juniper MX960 router (JUNOS 9.5R3.7)",95
59.144.176.45,ABTS-North-Static-045.176.144.59.airtelbroadband.in,"Juniper MX960 router (JUNOS 9.5R3.7)",95
59.167.234.112,ppp234-112.static.internode.on.net,"D-Link DWL-624+ or DWL-2000AP, or TRENDnet TEW-432BRP WAP",88
59.172.6.231,231.6.172.59.broad.wh.hb.dynamic.163data.com.cn,"Microsoft Windows XP SP2 - SP3",96
59.172.43.224,224.43.172.59.broad.wh.hb.dynamic.163data.com.cn,"Microsoft Windows XP SP2 - SP3",95
59.172.109.159,159.109.172.59.broad.wh.hb.dynamic.163data.com.cn,"Linksys WRV54G WAP",96
59.172.156.213,213.156.172.59.broad.wh.hb.dynamic.163data.com.cn,"Linux 2.4.33 (embedded)",95
59.173.39.250,250.39.173.59.broad.wh.hb.dynamic.163data.com.cn,"Microsoft Windows XP SP2 or SP3",96
59.173.94.227,227.94.173.59.broad.wh.hb.dynamic.163data.com.cn,"Microsoft Windows XP SP3",96
59.175.48.223,223.48.175.59.broad.wh.hb.dynamic.163data.com.cn,"Linux 2.4.33 (embedded)",95
59.175.200.1,1.200.175.59.broad.wh.hb.dynamic.163data.com.cn,"Alcatel-Lucent 7750 Service Router (SR OS 9.0.R9)",94
59.175.245.83,83.245.175.59.broad.wh.hb.dynamic.163data.com.cn,"Redback Networks SmartEdge router (SmartEdge OS 5.0)",97
59.175.252.157,157.252.175.59.broad.wh.hb.dynamic.163data.com.cn,"Alcatel-Lucent 7750 Service Router (SR OS 9.0.R9)",96
59.175.253.237,237.253.175.59.broad.wh.hb.dynamic.163data.com.cn,"Alcatel-Lucent 7750 Service Router (SR OS 9.0.R9)",94
59.183.46.0,triband-mum-59.183.46.0.mtnl.net.in,"D-Link DI-504 or DI-704P broadband router, or DI-524 WAP",88
59.187.234.176,,"Linux 2.6.18 - 2.6.32",99
59.187.245.143,,"Linux 2.6.14 - 2.6.30",94
59.188.8.129,,"Juniper MX960 router (JUNOS 9.5R3.7)",95
59.188.49.117,,"Juniper Networks J2320 or MX5-T router; or EX2200, EX3200, EX4200, or EX8200 switch (JUNOS 8.5 - 11.2)",95
60.0.90.127,,"Linux 2.4.33 (embedded)",94
60.1.48.149,,"Linux 2.4.33 (embedded)",96
60.14.11.210,,"Linux 2.4.33 (embedded)",96
60.14.86.99,,"Microsoft Windows XP SP2 or Windows Server 2003 SP1 or SP2",95
60.16.187.206,,"Linux 2.4.33 (embedded)",96
60.17.185.232,,"Microsoft Windows XP SP3",95
60.18.36.68,,"Linux 2.4.33 (embedded)",96
60.22.165.56,,"Microsoft Windows Server 2003 SP2",95
60.22.198.154,,"Linux 2.4.33 (embedded)",98
60.23.98.197,,"DD-WRT v24-sp2 (Linux 2.4.36)",92
60.23.134.41,,"Linux 2.4.33 (embedded)",93
60.25.129.164,no-data,"Linux 2.4.33 (embedded)",95
60.26.61.28,no-data,"Linux 2.4.33 (embedded)",95
60.26.106.47,no-data,"Linux 2.4.33 (embedded)",93
60.26.204.254,no-data,"Linux 2.4.33 (embedded)",96
60.28.153.158,no-data,"Linux 2.4.33 (embedded)",96
60.48.83.109,109.83.48.60.klj04-home.tm.net.my,"Huawei SmartAX MT800u-T ADSL router, NexStor Nexsan ATABoy2x NAS device, ZyXEL ES-4024A switch, or ZyXEL Prestige 650HW or 660HW ADSL router",94
60.48.111.244,244.111.48.60.brk01-home.tm.net.my,"Linux 2.6.15 - 2.6.27",97
60.50.1.80,80.1.50.60.kmr02-home.tm.net.my,"Sitecom WL-174 wireless ADSL router or ZyXEL B-3000 WAP",94
60.50.18.233,233.18.50.60.kmr03-home.tm.net.my,"Linux 2.6.14 - 2.6.30",97
60.50.220.59,59.220.50.60.cbj04-home.tm.net.my,"Linux 2.6.14 - 2.6.30",96
60.50.234.204,204.234.50.60.jb01-home.tm.net.my,"ADSL router: Huawei MT800u-T; or ZyXEL Prestige 623ME-T1, 643, 662HW-61, 782, or 2602R-61",93
60.51.37.59,,"Linux 2.6.14 - 2.6.30",97
60.52.48.174,,"D-Link DSL-2640B ADSL router",99
60.52.64.198,,"GNU Hurd 0.3",93
60.53.77.148,,"Linux 2.6.14 - 2.6.30",97
60.53.111.87,,"ZyXEL Prestige 600-series ADSL router",97
60.54.46.20,,"Linux 2.6.14 - 2.6.30",97
60.54.60.47,,"D-Link DSL-2640B ADSL router",98
60.160.20.65,65.20.160.60.broad.zt.yn.dynamic.163data.com.cn,"Microsoft Windows XP SP3",96
60.160.202.171,,"Linux 2.4.33 (embedded)",99
60.161.20.49,49.20.161.60.broad.hh.yn.dynamic.163data.com.cn,"Microsoft Windows Vista",96
60.161.25.22,22.25.161.60.broad.hh.yn.dynamic.163data.com.cn,"Linux 2.4.33 (embedded)",95
60.162.2.47,47.2.162.60.broad.tz.zj.dynamic.163data.com.cn,"Microsoft Windows Server 2003 SP2",94
60.164.237.226,226.237.164.60.dail.lz.gs.dynamic.163data.com.cn,"Microsoft Windows XP SP2 - SP3",96
60.165.31.214,214.31.165.60.dail.lz.gs.dynamic.163data.com.cn,"Comtrend 5361 ADSL router",95
60.165.115.41,41.115.165.60.dail.zy.gs.dynamic.163data.com.cn,"Linux 2.4.33 (embedded)",96
60.166.4.170,,"Cisco SA520 firewall (Linux 2.6)",91
60.166.38.171,,"Linux 2.6.27",96
60.166.39.108,,"Linux 2.6.27",95
60.166.40.238,,"Linux 2.6.9 - 2.6.27",96
60.166.51.70,,"Linux 2.6.9",92
60.166.64.103,,"Microsoft Windows XP SP2 or SP3",96
60.166.65.181,,"Microsoft Windows XP SP3",96
60.166.67.8,,"Microsoft Windows XP SP2 or SP3",96
60.166.67.33,,"Microsoft Windows XP SP2 - SP3",95
60.166.67.59,,"Microsoft Windows XP SP3",93
60.166.68.97,,"Microsoft Windows 7 SP0 - SP1",96
60.166.68.171,,"DD-WRT v24-sp2 (Linux 2.4.36)",98
60.166.69.174,,"Linksys WRV54G WAP",97
60.166.73.43,,"Linux 2.6.35",95
60.166.74.235,,"Microsoft Windows Vista",96
60.166.77.133,,"Microsoft Windows 7 SP0 - SP1",96
60.166.81.63,,"Microsoft Windows XP SP2 - SP3",96
60.166.91.43,,"Microsoft Windows XP SP2 - SP3",96
60.166.129.132,,"Asus RT-AC66U router (Linux 2.6)",94
60.166.132.85,,"OpenWrt White Russian 0.9 (Linux 2.4.30)",95
60.166.134.152,,"Microsoft Windows XP SP3",95
60.166.134.220,,"Microsoft Windows XP SP2 - SP3",96
60.166.135.233,,"Microsoft Windows Vista",96
60.166.136.52,,"Microsoft Windows XP SP3",96
60.166.137.235,,"Linux 2.6.18 - 2.6.22",89
60.166.145.226,,"Microsoft Windows Server 2003 SP2",91
60.166.150.160,,"Linksys NSLU2 NAS device running SlugOS/LE (Linux 2.6.16)",96
60.166.152.215,,"Microsoft Windows Vista",96
60.166.153.86,,"Microsoft Windows Vista",96
60.166.154.106,,"Linksys WRV54G WAP",96
60.166.155.212,,"OpenWrt Backfire 10.03.1 (Linux 2.4.37)",99
60.166.156.42,,"Microsoft Windows Server 2003 SP2",94
60.166.157.232,,"Microsoft Windows XP SP2 - SP3",95
60.166.159.115,,"Microsoft Windows 7 SP0 - SP1",96
60.166.160.6,,"Netgear DG834G WAP or Western Digital WD TV media player",93
60.166.160.9,,"Linux 2.6.14 - 2.6.30",97
60.166.160.206,,"AT&T U-Verse set-top box (Windows CE 5.0)",90
60.166.160.217,,VxWorks,96
60.166.160.251,,"Linux 2.6.14 - 2.6.30",97
60.166.162.130,,VxWorks,96
60.166.163.215,,"Linksys NSLU2 NAS device running SlugOS/LE (Linux 2.6.16)",96
60.166.164.211,,"Linksys WRV54G WAP",96
60.166.165.24,,"Linux 2.6.14 - 2.6.30",97
60.166.166.138,,"Linux 2.6.14 - 2.6.30",97
60.166.166.151,,"Linux 2.6.14 - 2.6.30",97
60.166.167.192,,"Linux 2.6.14 - 2.6.30",97
60.166.168.114,,"Microsoft Windows Vista",96
60.166.172.8,,"Linux 2.6.14 - 2.6.30",97
60.166.172.30,,"Linksys NSLU2 NAS device running SlugOS/LE (Linux 2.6.16)",96
60.166.172.185,,"Linux 2.6.14 - 2.6.30",97
60.166.173.56,,"Netgear DG834G WAP or Western Digital WD TV media player",93
60.166.173.104,,"Linksys NSLU2 NAS device running SlugOS/LE (Linux 2.6.16)",95
60.166.175.15,,"Linux 2.6.14 - 2.6.30",97
60.166.175.164,,"Netgear DG834G WAP or Western Digital WD TV media player",93
60.166.175.211,,"Linux 2.6.14 - 2.6.30",97
60.166.177.26,,"Linux 2.6.14 - 2.6.30",97
60.166.177.151,,"Linux 2.6.14 - 2.6.30",97
60.166.178.10,,"Microsoft Windows XP SP2 or SP3, or Windows Embedded Standard 2009",95
60.166.178.142,,"Linux 2.6.14 - 2.6.30",97
60.166.179.250,,"Linksys WRV54G WAP",95
60.166.180.105,,"Linksys WRV54G WAP",95
60.166.180.117,,"Linux 2.6.14 - 2.6.30",97
60.166.184.205,,"Linux 2.6.14 - 2.6.30",97
60.166.185.134,,"Linux 2.6.14 - 2.6.30",97
60.166.186.118,,"Linux 2.6.14 - 2.6.30",97
60.166.187.18,,"Linksys NSLU2 NAS device running SlugOS/LE (Linux 2.6.16)",96
60.166.188.54,,"Microsoft Windows XP SP3",96
60.166.188.73,,"Linux 2.6.14 - 2.6.30",97
60.166.188.119,,"Linux 2.6.14 - 2.6.30",97
60.166.189.198,,"Microsoft Windows XP SP2 - SP3",96
60.166.207.39,,"Microsoft Windows XP SP2 - SP3",96
60.166.216.28,,"Microsoft Windows Vista",96
60.166.216.82,,"Microsoft Windows XP SP3",92
60.166.216.89,,"Microsoft Windows Server 2003 SP2",92
60.166.218.180,,"Microsoft Windows XP SP2 - SP3",96
60.166.221.218,,"Linksys RV042 router",94
60.166.227.0,,"Microsoft Windows XP SP3",95
60.166.232.25,,"Linux 2.6.32 - 2.6.35",91
60.166.233.102,,"Microsoft Windows XP SP3",95
60.166.235.204,,"Microsoft Windows XP SP2 - SP3",95
60.166.236.105,,"Microsoft Windows 7 SP0 - SP1",91
60.166.236.251,,"Microsoft Windows XP SP3",95
60.166.239.62,,"Microsoft Windows Vista",96
60.166.241.93,,"Microsoft Windows XP SP2 - SP3",96
60.166.242.78,,"Microsoft Windows XP SP3",96
60.166.247.122,,"Microsoft Windows XP SP3",96
60.166.247.158,,"Microsoft Windows XP SP2 - SP3",95
60.167.63.5,,"H3C E126A or S3100-8T-SI switch (Comware 3.10)",99
60.167.63.117,,"H3C E126A or S3100-8T-SI switch (Comware 3.10)",99
60.167.63.133,,"H3C E126A or S3100-8T-SI switch (Comware 3.10)",99
60.167.81.30,,"Cabletron ELS100-24TXM switch",93
60.167.81.69,,"T-Marc 254H switch",99
60.167.81.213,,"T-Marc 254H switch",99
60.167.82.218,,"H3C E126A or S3100-8T-SI switch (Comware 3.10)",99
60.167.108.188,,"T-Marc 254H switch",99
60.167.113.77,,"Microsoft Windows XP SP3",96
60.167.121.246,,"Linux 2.4.33 (embedded)",96
60.167.126.147,,"Microsoft Windows XP SP3",96
60.167.128.0,,"Redback Networks SmartEdge 600 router (SmartEdge OS)",95
60.167.137.8,,VxWorks,96
60.167.171.110,,"Microsoft Windows XP SP2 - SP3",96
60.167.177.110,,"Microsoft Windows Server 2003 SP2",92
60.167.179.236,,"Microsoft Windows XP SP3",96
60.167.180.211,,"Microsoft Windows XP SP3",95
60.167.182.122,,"Microsoft Windows 7 SP0 - SP1",96
60.167.182.128,,"Microsoft Windows 7 SP0 - SP1",95
60.167.183.71,,"Microsoft Windows 7 SP0 - SP1",96
60.167.189.246,,"Microsoft Windows Server 2003 SP2",96
60.167.202.37,,"Microsoft Windows XP SP3",95
60.167.202.57,,"Microsoft Windows XP SP2 - SP3",95
60.167.206.215,,VxWorks,96
60.167.212.13,,"Microsoft Windows XP SP2",93
60.167.219.237,,"Microsoft Windows XP SP3",96
60.167.224.36,,"Microsoft Windows XP SP3",95
60.167.230.212,,"Linux 2.6.39",91
60.167.244.142,,"Microsoft Windows Vista",96
60.167.251.153,,"Microsoft Windows Server 2008 SP1",96
60.168.0.177,,VxWorks,96
60.168.5.100,,"Roku 2 XS media player (Linux 2.6.32)",95
60.168.26.11,,"Microsoft Windows XP SP3",96
60.168.28.125,,"Microsoft Windows Server 2008 SP2",96
60.168.48.70,,"Microsoft Windows 7 SP0 - SP1",95
60.168.69.52,,"Microsoft Windows XP SP3",96
60.168.76.46,,"Microsoft Windows Vista SP2",97
60.168.80.189,,"Microsoft Windows XP SP2 - SP3",96
60.168.89.163,,"Microsoft Windows Vista",96
60.168.98.253,,"OpenWrt (Linux 2.4.32)",94
60.168.117.0,,"Microsoft Windows XP SP3",96
60.168.128.76,,"Microsoft Windows XP SP3",91
60.168.131.114,,"Microsoft Windows XP SP3",94
60.168.146.31,,"Patton SmartNode 4960 VoIP adapter (SmartWare 4.2)",81
60.168.147.26,,"Patton SmartNode 4960 VoIP adapter (SmartWare 4.2)",81
60.168.147.125,,"Avaya G700 Telephony Media Gateway or Sun Advanced Lights Out Maganer 1.5.2 (VxWorks)",93
60.168.152.6,,"Cisco SA520 firewall (Linux 2.6)",91
60.168.152.86,,"Linux 2.6.9",92
60.168.161.166,,"Linksys NSLU2 NAS device running SlugOS/LE (Linux 2.6.16)",96
60.168.164.70,,"Microsoft Windows Server 2003 SP2",95
60.168.164.89,,"Microsoft Windows Server 2003 SP2",95
60.168.166.13,,"Microsoft Windows XP SP3",95
60.168.167.126,,"Microsoft Windows XP SP2 - SP3",96
60.168.167.252,,"Microsoft Windows 7 SP0 - SP1",96
60.168.172.12,,"Microsoft Windows 7 SP0 - SP1",96
60.168.173.59,,"Microsoft Windows XP SP2 - SP3",96
60.168.181.100,,"ZyXEL Prestige 660HW-61 ADSL router (ZyNOS 3.40)",97
60.169.12.152,,"Redback Networks SmartEdge 600 router (SmartEdge OS)",95
60.170.16.20,,"Huawei MA5200 router",96
60.170.17.71,,"Patton SmartNode 4960 VoIP adapter (SmartWare 4.2)",81
60.170.66.61,,"Cisco Aironet 1200-series WAP router (IOS 12.3 - 12.4)",99
60.170.66.181,,"Huawei S2326 switch",97
60.170.84.89,,"Huawei Quidway S3526C switch (VRP 3.10)",96
60.170.84.126,,"Huawei Quidway S3526C switch (VRP 3.10)",96
60.170.84.173,,"Huawei Quidway S3526C switch (VRP 3.10)",96
60.170.86.73,,"Cabletron ELS100-24TXM switch",93
60.170.86.85,,"Cabletron ELS100-24TXM switch",93
60.170.87.148,,"Cabletron ELS100-24TXM switch",93
60.170.103.69,,"Patton SmartNode 4960 VoIP adapter (SmartWare 4.2)",81
60.170.108.193,,"Patton SmartNode 4960 VoIP adapter (SmartWare 4.2)",81
60.170.126.82,,"Huawei Quidway S3526C switch (VRP 3.10)",96
60.170.215.229,,"Cabletron ELS100-24TXM switch",93
60.170.217.199,,VxWorks,99
60.171.60.113,,"Patton SmartNode 4960 VoIP adapter (SmartWare 4.2)",81
60.171.107.230,,"H3C E126A or S3100-8T-SI switch (Comware 3.10)",99
60.171.145.12,,"H3C E126A or S3100-8T-SI switch (Comware 3.10)",96
60.171.174.192,,"H3C E126A or S3100-8T-SI switch (Comware 3.10)",99
60.171.179.67,,"Arris Cadant C3 cable modem terminator (VxWorks 5.4.2)",98
60.171.186.146,,"Microsoft Windows XP SP3",94
60.171.190.108,,"Arris Cadant C3 cable modem terminator (VxWorks 5.4.2)",98
60.171.203.126,,"Huawei S2326 switch",97
60.171.204.53,,"Cabletron ELS100-24TXM switch",93
60.171.204.100,,"Cabletron ELS100-24TXM switch",93
60.171.212.114,,"Westell WireSpeed Dual Connect 6100 DSL router",98
60.171.212.155,,"Patton SmartNode 4960 VoIP adapter (SmartWare 4.2)",81
60.171.234.172,,"T-Marc 254H switch",99
60.171.240.52,,"T-Marc 254H switch",99
60.171.242.216,,"Huawei Quidway S3526C switch (VRP 3.10)",96
60.171.242.230,,"Patton SmartNode 4960 VoIP adapter (SmartWare 4.2)",81
60.171.245.165,,"H3C E126A or S3100-8T-SI switch (Comware 3.10)",99
60.171.245.204,,"H3C E126A or S3100-8T-SI switch (Comware 3.10)",99
60.171.245.209,,"H3C E126A or S3100-8T-SI switch (Comware 3.10)",98
60.171.245.232,,"Huawei MA5200 router",96
60.172.3.99,,"H3C E126A or S3100-8T-SI switch (Comware 3.10)",99
60.172.5.117,,"Linux 2.6.9 - 2.6.33",98
60.172.20.151,,"Cabletron ELS100-24TXM switch",91
60.172.23.104,,"Patton SmartNode 4960 VoIP adapter (SmartWare 4.2)",81
60.172.26.142,,"Linux 2.6.5 - 2.6.12",99
60.172.29.98,,"Linux 2.6.27",96
60.172.40.219,,"Cisco Aironet 1200-series WAP router (IOS 12.3 - 12.4)",99
60.172.50.7,,"Huawei Quidway S3526C switch (VRP 3.10)",96
60.172.64.127,,"Microsoft Windows Server 2003 SP2",95
60.172.68.107,,"Microsoft Windows XP SP2 - SP3",96
60.172.71.53,,"Westell WireSpeed Dual Connect 6100 DSL router",97
60.172.72.102,,"Linux 2.6.9 - 2.6.33",98
60.172.72.150,,"Linux 2.6.9 - 2.6.33",98
60.172.74.35,,"Microsoft Windows Vista",96
60.172.77.3,,"Cabletron ELS100-24TXM switch",91
60.172.90.73,,"Arris Cadant C3 cable modem terminator (VxWorks 5.4.2)",98
60.172.90.145,,"Westell WireSpeed Dual Connect 6100 DSL router",98
60.172.92.124,,"Microsoft Windows 7 SP0 - SP1",99
60.172.94.194,,"IBM OS/400 V4R3",85
60.172.99.154,,"3Com SuperStack 3 Switch 4500",95
60.172.100.2,,"OpenWrt (Linux 2.4.32)",94
60.172.102.236,,"Microsoft Windows 7 SP0 - SP1",91
60.172.105.98,,"OpenWrt (Linux 2.4.32)",94
60.172.113.36,,"Microsoft Windows XP SP2 - SP3",96
60.172.113.208,,"Microsoft Windows XP SP2 - SP3",96
60.172.117.139,,"OpenWrt (Linux 2.4.32)",94
60.172.127.186,,"Microsoft Windows Vista",96
60.172.129.134,,"Patton SmartNode 4960 VoIP adapter (SmartWare 4.2)",81
60.172.130.244,,"Patton SmartNode 4960 VoIP adapter (SmartWare 4.2)",81
60.172.161.135,,"T-Marc 254H switch",99
60.172.171.51,,"VxWorks 5.4.2",97
60.172.179.131,,"Vilar IP Camera (Linux 2.6)",95
60.172.206.21,,"H3C E126A or S3100-8T-SI switch (Comware 3.10)",99
60.172.206.137,,"Patton SmartNode 4960 VoIP adapter (SmartWare 4.2)",81
60.172.207.60,,"3Com 4500G switch",98
60.172.218.37,,"Linux 2.6.22",98
60.172.225.179,,"Patton SmartNode 4960 VoIP adapter (SmartWare 4.2)",81
60.172.226.54,,"D-Link DI-504 or DI-704P broadband router, or DI-524 WAP",87
60.172.231.180,,"Patton SmartNode 4960 VoIP adapter (SmartWare 4.2)",81
60.172.237.191,,"Microsoft Windows XP SP2 - SP3",96
60.172.244.253,,"Huawei MA5200 router",96
60.172.249.151,,"Microsoft Windows Server 2003",95
60.172.253.69,,"Microsoft Windows Vista",96
60.173.0.82,,"Linux 2.6.32 - 2.6.35",92
60.173.96.157,,"Microsoft Windows XP SP2 - SP3",96
60.173.108.49,,"Linux 2.6.27",95
60.173.137.122,,"T-Marc 254H switch",99
60.173.141.82,,"H3C E126A or S3100-8T-SI switch (Comware 3.10)",99
60.173.182.57,,"D-Link DES-7210 switch",97
60.173.204.240,,"Huawei Quidway S3526C switch (VRP 3.10)",96
60.173.205.229,,"Westell WireSpeed Dual Connect 6100 DSL router",98
60.173.231.208,,"H3C E126A or S3100-8T-SI switch (Comware 3.10)",96
60.174.4.204,,"H3C E126A or S3100-8T-SI switch (Comware 3.10)",98
60.174.6.40,,"Westell WireSpeed Dual Connect 6100 DSL router",98
60.174.7.216,,"Avaya G700 Telephony Media Gateway or Sun Advanced Lights Out Maganer 1.5.2 (VxWorks)",98
60.174.15.9,,"Microsoft Windows XP SP3",96
60.174.15.28,,"Microsoft Windows XP Home Edition SP3",95
60.174.26.183,,"Westell WireSpeed Dual Connect 6100 DSL router",98
60.174.33.16,,"T-Marc 254H switch",99
60.174.36.88,,"Microsoft Windows Server 2003 SP1",90
60.174.64.243,,"D-Link DVG-5112S or DVG-6004S VoIP adapter",96
60.174.66.112,,"H3C E126A or S3100-8T-SI switch (Comware 3.10)",96
60.174.71.153,,"VxWorks 5.4.2",99
60.174.76.117,,"H3C E126A or S3100-8T-SI switch (Comware 3.10)",96
60.174.76.160,,"H3C E126A or S3100-8T-SI switch (Comware 3.10)",96
60.174.85.35,,"T-Marc 254H switch",99
60.174.85.43,,"T-Marc 254H switch",99
60.174.85.82,,"H3C E126A or S3100-8T-SI switch (Comware 3.10)",99
60.174.85.117,,"H3C E126A or S3100-8T-SI switch (Comware 3.10)",99
60.174.85.140,,"H3C E126A or S3100-8T-SI switch (Comware 3.10)",99
60.174.85.149,,"H3C E126A or S3100-8T-SI switch (Comware 3.10)",99
60.174.85.183,,"H3C E126A or S3100-8T-SI switch (Comware 3.10)",99
60.174.85.235,,"T-Marc 254H switch",99
60.174.86.8,,"Cabletron ELS100-24TXM switch",91
60.174.99.191,,"H3C E126A or S3100-8T-SI switch (Comware 3.10)",99
60.174.99.240,,"H3C E126A or S3100-8T-SI switch (Comware 3.10)",99
60.174.101.12,,"Cabletron ELS100-24TXM switch",91
60.174.116.126,,"3Com SuperStack 3 Switch 4500",95
60.174.120.148,,"Cabletron ELS100-24TXM switch",91
60.174.147.62,,"H3C E126A or S3100-8T-SI switch (Comware 3.10)",96
60.174.147.110,,"H3C E126A or S3100-8T-SI switch (Comware 3.10)",96
60.174.147.145,,"Cabletron ELS100-24TXM switch",91
60.174.170.66,,"H3C E126A or S3100-8T-SI switch (Comware 3.10)",96
60.174.170.108,,"H3C E126A or S3100-8T-SI switch (Comware 3.10)",99
60.174.170.119,,"H3C E126A or S3100-8T-SI switch (Comware 3.10)",99
60.174.183.139,,"Microsoft Windows XP SP3",95
60.174.193.203,,"Linux 2.6.27",95
60.174.201.116,,"H3C E126A or S3100-8T-SI switch (Comware 3.10)",96
60.174.201.128,,"Huawei MA5200 router",96
60.174.204.54,,"Patton SmartNode 4960 VoIP adapter (SmartWare 4.2)",81
60.174.204.111,,"H3C E126A or S3100-8T-SI switch (Comware 3.10)",99
60.174.211.75,,"T-Marc 254H switch",99
60.174.211.174,,"VxWorks 5.4.2",97
60.174.211.188,,"T-Marc 254H switch",99
60.174.211.250,,"T-Marc 254H switch",99
60.174.216.160,,"T-Marc 254H switch",99
60.174.252.31,,"Huawei Quidway S3526C switch (VRP 3.10)",96
60.174.252.122,,"Huawei Quidway S3526C switch (VRP 3.10)",99
60.174.252.139,,"Huawei Quidway S3526C switch (VRP 3.10)",96
60.174.252.143,,"Huawei Quidway S3526C switch (VRP 3.10)",96
60.174.253.35,,"H3C E126A or S3100-8T-SI switch (Comware 3.10)",96
60.174.253.111,,"Huawei Quidway S3526C switch (VRP 3.10)",96
60.175.0.16,,"T-Marc 254H switch",99
60.175.0.190,,"H3C E126A or S3100-8T-SI switch (Comware 3.10)",99
60.175.9.2,,"Microsoft Windows XP SP2 - SP3",95
60.175.9.137,,"Linux 2.6.16.27 (fli4l 3.1.1)",92
60.175.9.228,,"Linux 2.6.22",98
60.175.18.109,,"H3C E126A or S3100-8T-SI switch (Comware 3.10)",99
60.175.18.130,,"H3C E126A or S3100-8T-SI switch (Comware 3.10)",99
60.175.18.140,,"H3C E126A or S3100-8T-SI switch (Comware 3.10)",99
60.175.29.26,,"Microsoft Windows Server 2003 SP2",95
60.175.36.141,,"AT&T U-Verse set-top box (Windows CE 5.0)",95
60.175.36.145,,"Microsoft Windows XP SP2 - SP3",96
60.175.41.142,,"Linux 2.6.27",95
60.175.44.171,,"H3C E126A or S3100-8T-SI switch (Comware 3.10)",96
60.175.45.186,,"Microsoft Windows XP SP3",94
60.175.49.65,,"Cabletron ELS100-24TXM switch",93
60.175.54.133,,"H3C E126A or S3100-8T-SI switch (Comware 3.10)",96
60.175.55.181,,"H3C E126A or S3100-8T-SI switch (Comware 3.10)",99
60.175.61.141,,"Microsoft Windows Vista",96
60.175.61.187,,"Microsoft Windows 7 SP0 - SP1",96
60.175.63.196,,"Microsoft Windows Vista",96
60.175.64.134,,"Linux 2.6.27",95
60.175.72.123,,"Microsoft Windows XP SP3",95
60.175.74.86,,"Microsoft Windows XP SP3",95
60.175.75.191,,"Microsoft Windows 7 SP0 - SP1",96
60.175.82.30,,"Vilar IP Camera (Linux 2.6)",95
60.175.82.54,,"Linux 2.6.27",96
60.175.90.68,,"Microsoft Windows XP SP3",96
60.175.90.99,,"Microsoft Windows XP SP3",91
60.175.90.149,,"Microsoft Windows XP SP3",96
60.175.90.176,,"Microsoft Windows XP SP3",96
60.175.100.135,,"Microsoft Windows XP SP2 - SP3",96
60.175.100.206,,"Microsoft Windows XP SP2",95
60.175.104.21,,"Microsoft Windows XP SP3",94
60.175.110.12,,"Microsoft Windows Vista",96
60.175.117.131,,"Patton SmartNode 4960 VoIP adapter (SmartWare 4.2)",81
60.175.128.23,,"Patton SmartNode 4960 VoIP adapter (SmartWare 4.2)",81
60.175.128.74,,"Patton SmartNode 4960 VoIP adapter (SmartWare 4.2)",81
60.175.150.21,,"T-Marc 254H switch",99
60.175.150.171,,VxWorks,97
60.175.154.27,,"Linux 2.6.27",96
60.175.158.210,,"T-Marc 254H switch",99
60.175.158.211,,"T-Marc 254H switch",99
60.175.168.252,,VxWorks,99
60.175.169.25,,"Patton SmartNode 4960 VoIP adapter (SmartWare 4.2)",81
60.175.188.226,,"Cabletron ELS100-24TXM switch",93
60.175.190.176,,"Cabletron ELS100-24TXM switch",93
60.175.195.35,,"T-Marc 254H switch",99
60.175.198.161,,"Microsoft Windows Server 2003 SP2",91
60.175.204.150,,"Microsoft Windows XP SP3 or Windows Server 2003 SP2",92
60.175.205.72,,"Microsoft Windows XP SP2 or SP3, or Windows Embedded Standard 2009",96
60.175.205.229,,"Microsoft Windows XP SP3",92
60.175.205.248,,"Microsoft Windows 7 SP0 - SP1",96
60.175.210.11,,"Linux 2.6.27",95
60.175.211.36,,"T-Marc 254H switch",99
60.175.211.44,,"T-Marc 254H switch",99
60.175.214.5,,"Microsoft Windows 7 SP0 - SP1",96
60.175.214.215,,"Microsoft Windows XP SP3",96
60.175.215.64,,"Microsoft Windows XP Professional SP2",95
60.175.217.169,,"Microsoft Windows XP SP2 - SP3",96
60.175.220.208,,"Microsoft Windows 7 SP0 - SP1",96
60.175.226.4,,"H3C E126A or S3100-8T-SI switch (Comware 3.10)",99
60.175.229.53,,"T-Marc 254H switch",99
60.175.229.171,,"T-Marc 254H switch",99
60.175.229.201,,"T-Marc 254H switch",99
60.175.230.106,,"T-Marc 254H switch",99
60.175.230.114,,"T-Marc 254H switch",99
60.175.232.5,,"Cabletron ELS100-24TXM switch",91
60.175.232.160,,"VxWorks 5.4.2",97
60.175.234.3,,"Cabletron ELS100-24TXM switch",91
60.175.234.19,,"T-Marc 254H switch",99
60.175.234.80,,"T-Marc 254H switch",99
60.175.234.140,,"T-Marc 254H switch",99
60.175.234.143,,"T-Marc 254H switch",99
60.175.234.173,,"T-Marc 254H switch",99
60.175.234.236,,"T-Marc 254H switch",99
60.175.234.242,,"T-Marc 254H switch",99
60.175.235.177,,"Linux 2.6.27",96
60.175.239.102,,"Microsoft Windows XP SP2 - SP3",96
60.175.239.237,,"Microsoft Windows XP SP2",95
60.175.246.137,,"T-Marc 254H switch",99
60.175.246.146,,"Westell WireSpeed Dual Connect 6100 DSL router",98
60.175.246.170,,"T-Marc 254H switch",99
60.175.246.244,,"T-Marc 254H switch",99
60.175.251.2,,"Microsoft Windows XP SP3",96
60.175.251.20,,"Microsoft Windows XP SP2 - SP3",95
60.175.251.159,,"Microsoft Windows 7 SP0 - SP1",95
60.179.7.212,212.7.179.60.broad.nb.zj.dynamic.163data.com.cn,"Microsoft Windows XP SP2 - SP3",96
60.179.255.24,24.255.179.60.broad.nb.zj.dynamic.163data.com.cn,"Secure Computing SG550 firewall (Linux 2.4.31)",96
60.180.26.123,123.26.180.60.broad.wz.zj.dynamic.163data.com.cn,"Microsoft Windows XP SP3",96
60.180.89.79,79.89.180.60.broad.wz.zj.dynamic.163data.com.cn,"Linux 2.4.33 (embedded)",95
60.180.163.117,117.163.180.60.broad.wz.zj.dynamic.163data.com.cn,"Linksys RV042 router",96
60.184.138.53,53.138.184.60.broad.ls.zj.dynamic.163data.com.cn,"Linksys RV042 router",97
60.186.45.229,229.45.186.60.broad.hz.zj.dynamic.163data.com.cn,"Linux 2.6.39",90
60.189.3.35,35.3.189.60.broad.tz.zj.dynamic.163data.com.cn,"Huawei Quidway S3526C switch (VRP 3.10)",96
60.189.74.203,203.74.189.60.broad.tz.zj.dynamic.163data.com.cn,"Microsoft Windows Server 2003 Enterprise Edition",85
60.190.19.97,,"Alcatel-Lucent 7750 Service Router (SR OS 9.0.R9)",95
60.190.32.49,,"Alcatel-Lucent 7750 Service Router (SR OS 9.0.R9)",96
60.190.32.73,,"Alcatel-Lucent 7750 Service Router (SR OS 9.0.R9)",96
60.190.127.209,,"Alcatel-Lucent 7750 Service Router (SR OS 9.0.R9)",96
60.190.132.13,,"Alcatel-Lucent 7750 Service Router (SR OS 9.0.R9)",96
60.190.132.193,,"Alcatel-Lucent 7750 Service Router (SR OS 9.0.R9)",96
60.190.136.89,,"Alcatel-Lucent 7750 Service Router (SR OS 9.0.R9)",96
60.190.136.169,,"Alcatel-Lucent 7750 Service Router (SR OS 9.0.R9)",96
60.190.137.129,,"Alcatel-Lucent 7750 Service Router (SR OS 9.0.R9)",96
60.190.140.41,,"Alcatel-Lucent 7750 Service Router (SR OS 9.0.R9)",95
60.190.141.169,,"Alcatel-Lucent 7750 Service Router (SR OS 9.0.R9)",95
60.190.149.85,,"Alcatel-Lucent 7750 Service Router (SR OS 9.0.R9)",96
60.190.153.209,,"Alcatel-Lucent 7750 Service Router (SR OS 9.0.R9)",95
60.190.168.93,,"Alcatel-Lucent 7750 Service Router (SR OS 9.0.R9)",96
60.190.172.57,,"Alcatel-Lucent 7750 Service Router (SR OS 9.0.R9)",96
60.190.175.197,,"Alcatel-Lucent 7750 Service Router (SR OS 9.0.R9)",95
60.191.197.17,,"Alcatel-Lucent 7750 Service Router (SR OS 9.0.R9)",95
60.191.197.101,,"Alcatel-Lucent 7750 Service Router (SR OS 9.0.R9)",95
60.191.200.125,,"Alcatel-Lucent 7750 Service Router (SR OS 9.0.R9)",96
60.191.204.41,,"Alcatel-Lucent 7750 Service Router (SR OS 9.0.R9)",96
60.191.206.25,,"Alcatel-Lucent 7750 Service Router (SR OS 9.0.R9)",96
60.191.210.5,,"Alcatel-Lucent 7750 Service Router (SR OS 9.0.R9)",96
60.191.213.117,,"Alcatel-Lucent 7750 Service Router (SR OS 9.0.R9)",96
60.191.219.205,,"Alcatel-Lucent 7750 Service Router (SR OS 9.0.R9)",96
60.191.224.69,,"Alcatel-Lucent 7750 Service Router (SR OS 9.0.R9)",96
60.191.224.121,,"Alcatel-Lucent 7750 Service Router (SR OS 9.0.R9)",96
60.191.224.161,,"Alcatel-Lucent 7750 Service Router (SR OS 9.0.R9)",96
60.191.224.249,,"Alcatel-Lucent 7750 Service Router (SR OS 9.0.R9)",95
60.191.228.177,,"Alcatel-Lucent 7750 Service Router (SR OS 9.0.R9)",96
60.191.230.93,,"Alcatel-Lucent 7750 Service Router (SR OS 9.0.R9)",96
60.191.233.249,,"Alcatel-Lucent 7750 Service Router (SR OS 9.0.R9)",96
60.191.235.17,,"Alcatel-Lucent 7750 Service Router (SR OS 9.0.R9)",96
60.191.237.81,,"Alcatel-Lucent 7750 Service Router (SR OS 9.0.R9)",95
60.191.240.81,,"Alcatel-Lucent 7750 Service Router (SR OS 9.0.R9)",96
60.191.242.85,,"Alcatel-Lucent 7750 Service Router (SR OS 9.0.R9)",96
60.191.247.5,,"Alcatel-Lucent 7750 Service Router (SR OS 9.0.R9)",95
60.191.251.53,,"Alcatel-Lucent 7750 Service Router (SR OS 9.0.R9)",96
60.208.223.47,,"Netgear DG834G WAP or Western Digital WD TV media player",86
60.209.78.45,,"Alcatel-Lucent 7750 Service Router (SR OS 9.0.R9)",96
60.209.128.173,,"Alcatel-Lucent 7750 Service Router (SR OS 9.0.R9)",95
60.209.221.217,,"Alcatel-Lucent 7750 Service Router (SR OS 9.0.R9)",96
60.211.89.125,,"Linux 2.4.33 (embedded)",96
60.212.218.164,,"Linux 2.4.33 (embedded)",96
60.213.215.250,,"D-Link DI-504 or DI-704P broadband router, or DI-524 WAP",87
60.216.121.165,,"Microsoft Windows XP SP2 - SP3",93
60.216.156.118,,"Microsoft Windows XP SP2 - SP3",96
60.216.194.170,,"Linux 2.4.33 (embedded)",94
60.220.52.186,186.52.220.60.adsl-pool.sx.cn,"Linux 2.4.33 (embedded)",96
60.221.116.86,86.116.221.60.adsl-pool.sx.cn,"Linux 2.4.33 (embedded)",95
60.221.125.17,17.125.221.60.adsl-pool.sx.cn,"Linux 2.4.33 (embedded)",96
60.221.204.208,208.204.221.60.adsl-pool.sx.cn,"Microsoft Windows XP SP2 - SP3",95
60.241.6.216,60-241-6-216.static.tpgi.com.au,"OpenWrt (Linux 2.4.30 - 2.4.34)",90
60.246.133.152,n246z133l152.broadband.ctm.net,"Linux 2.4.33 (embedded)",99
60.246.151.138,n246z151l138.broadband.ctm.net,"Linux 2.4.33 (embedded)",96
60.248.246.145,60-248-246-145.HINET-IP.hinet.net,"D-Link DVG-5112S or DVG-6004S VoIP adapter",97
60.250.30.228,60-250-30-228.HINET-IP.hinet.net,"F5 BIG-IP load balancer",95
60.250.79.61,60-250-79-61.HINET-IP.hinet.net,"Linux 3.8",95
60.250.84.202,60-250-84-202.HINET-IP.hinet.net,"RF-Space SDR-IP software radio",92
60.251.196.152,60-251-196-152.HINET-IP.hinet.net,"WIZnet W5100 TCP/IP chip",95
61.4.231.253,,"Linux 2.6.14 - 2.6.30",94
61.4.241.92,,"Linux 2.6.14 - 2.6.30",94
61.15.186.65,cm61-15-186-65.hkcable.com.hk,"D-Link DAP-1522 WAP, or Xerox WorkCentre Pro 245 or 6556 printer",99
61.19.251.111,,"Sagem My du@l radio 700 Internet radio",85
61.32.10.23,,"Microsoft Windows Vista Home Premium SP1, Windows 7, or Windows Server 2008",96
61.33.133.126,,"Exterity IPTV MPEG2 video encoder",97
61.42.201.33,,"Juniper JUNOS 10.4R6.5",99
61.47.131.254,,"Linux 2.4.33 (embedded)",96
61.47.209.141,,"Linux 2.6.14 - 2.6.30",94
61.47.249.167,,"PORTech GSM VoIP adapter",97
61.48.45.199,,"Linux 2.4.33 (embedded)",95
61.49.64.147,,"Linux 2.4.33 (embedded)",99
61.52.52.158,hn.kd.dhcp,"Linux 2.4.33 (embedded)",96
61.52.156.11,hn.kd.dhcp,"Comtrend CT536 wireless ADSL router",91
61.52.169.85,hn.kd.dhcp,"Linux 2.4.33 (embedded)",96
61.53.199.5,hn.kd.dhcp,"Linksys RV042 router",94
61.55.221.13,,"Microsoft Windows XP SP2 - SP3",96
61.58.128.22,22-128-58-61-Q.tinp.net.tw,"Extreme Networks Summit48si switch (ExtremeWare 7.4 - 7.8)",96
61.58.168.126,61-58-168-126.nty.dynamic.tbcnet.net.tw,"VxWorks 12.0",98
61.61.216.16,,"Linux 2.4.18 - 2.4.35 (likely embedded)",96
61.62.110.247,61-62-110-247-adsl-tpe.dynamic.so-net.net.tw,"Linux 2.4.33 (embedded)",99
61.63.96.191,61-63-96-191.nty.dynamic.tbcnet.net.tw,"Microsoft Windows XP SP2",96
61.64.139.107,61-64-139-107-adsl-tpe.dynamic.so-net.net.tw,"Microsoft Windows XP SP2 or SP3",96
61.64.174.6,61-64-174-6-adsl-tpe.dynamic.so-net.net.tw,"Linux 2.6.25 (openSUSE 11.0)",90
61.77.5.213,,"Linksys WRV54G WAP",96
61.80.54.58,,"Linux 2.6.13 - 2.6.32",97
61.80.92.194,,"Xerox Phaser 3150 printer",96
61.80.134.2,,"Xerox Phaser 3150 printer",96
61.80.134.66,,"Xerox Phaser 3150 printer",96
61.80.199.168,,"D-Link DI-504 or DI-704P broadband router, or DI-524 WAP",88
61.81.92.115,,"Avaya G700 Telephony Media Gateway or Sun Advanced Lights Out Maganer 1.5.2 (VxWorks)",97
61.82.96.173,,"Avaya G700 Telephony Media Gateway or Sun Advanced Lights Out Maganer 1.5.2 (VxWorks)",97
61.82.202.173,,"Linux 2.6.9 - 2.6.33",97
61.83.37.143,,"Linux 2.6.18",99
61.83.210.244,,"Avaya G700 Telephony Media Gateway or Sun Advanced Lights Out Maganer 1.5.2 (VxWorks)",97
61.84.171.124,,"Microsoft Windows XP SP2",96
61.84.189.152,,"Aruba A800 wireless LAN switch",98
61.84.194.147,,VxWorks,97
61.85.45.99,,"Comtrend CT536 wireless ADSL router",92
61.85.92.227,,"Avaya G700 Telephony Media Gateway or Sun Advanced Lights Out Maganer 1.5.2 (VxWorks)",97
61.85.118.137,,"Netgear DG834G WAP or Western Digital WD TV media player",96
61.85.209.227,,"Microsoft Windows 7 Enterprise",93
61.97.212.67,,"Linux 2.6.14 - 2.6.30",94
61.98.229.19,,"Linux 2.6.27",95
61.99.210.232,,"D-Link DVG-5112S or DVG-6004S VoIP adapter",96
61.101.66.138,,"D-Link DI-504 or DI-704P broadband router, or DI-524 WAP",86
61.102.27.149,,"Linux 2.6.14 - 2.6.30",94
61.105.4.140,,"D-Link DVG-5112S or DVG-6004S VoIP adapter",99
61.105.19.78,,"Linux 2.6.14 - 2.6.30",94
61.105.60.70,,"Alcatel OmniStack 6024 or Enterasys Vertical Horizon VH-2402S2 switch, or Dell 1815dn or Samsung SCX-6x22 printer",97
61.105.98.157,,"D-Link DVG-5112S or DVG-6004S VoIP adapter",99
61.106.88.146,,"Linux 2.6.14 - 2.6.30",94
61.106.90.140,,"Linux 2.6.14 - 2.6.30",94
61.106.112.34,,"Linux 2.6.27",95
61.106.118.48,,"Linux 2.6.14 - 2.6.30",94
61.109.25.2,,"Microsoft Windows 2000 SP4",98
61.130.36.17,17.36.130.61.broad.jh.zj.dynamic.163data.com.cn,"Alcatel-Lucent 7750 Service Router (SR OS 9.0.R9)",96
61.130.36.25,25.36.130.61.broad.jh.zj.dynamic.163data.com.cn,"Alcatel-Lucent 7750 Service Router (SR OS 9.0.R9)",96
61.130.36.217,217.36.130.61.broad.jh.zj.dynamic.163data.com.cn,"Alcatel-Lucent 7750 Service Router (SR OS 9.0.R9)",96
61.130.38.169,169.38.130.61.broad.jh.zj.dynamic.163data.com.cn,"Alcatel-Lucent 7750 Service Router (SR OS 9.0.R9)",96
61.130.39.193,193.39.130.61.broad.jh.zj.dynamic.163data.com.cn,"Alcatel-Lucent 7750 Service Router (SR OS 9.0.R9)",96
61.130.39.197,197.39.130.61.broad.jh.zj.dynamic.163data.com.cn,"Alcatel-Lucent 7750 Service Router (SR OS 9.0.R9)",96
61.130.42.17,17.42.130.61.broad.jh.zj.dynamic.163data.com.cn,"Alcatel-Lucent 7750 Service Router (SR OS 9.0.R9)",95
61.130.42.85,85.42.130.61.broad.jh.zj.dynamic.163data.com.cn,"Alcatel-Lucent 7750 Service Router (SR OS 9.0.R9)",96
61.130.49.225,,"Alcatel-Lucent 7750 Service Router (SR OS 9.0.R9)",96
61.130.50.101,,"Alcatel-Lucent 7750 Service Router (SR OS 9.0.R9)",96
61.130.51.213,,"Alcatel-Lucent 7750 Service Router (SR OS 9.0.R9)",96
61.130.54.17,,"Alcatel-Lucent 7750 Service Router (SR OS 9.0.R9)",95
61.130.54.57,,"Alcatel-Lucent 7750 Service Router (SR OS 9.0.R9)",96
61.130.54.129,,"Alcatel-Lucent 7750 Service Router (SR OS 9.0.R9)",95
61.130.54.253,,"Alcatel-Lucent 7750 Service Router (SR OS 9.0.R9)",96
61.130.55.57,,"Alcatel-Lucent 7750 Service Router (SR OS 9.0.R9)",96
61.130.55.101,,"Alcatel-Lucent 7750 Service Router (SR OS 9.0.R9)",95
61.130.55.117,,"Alcatel-Lucent 7750 Service Router (SR OS 9.0.R9)",96
61.130.64.49,ppp49-64.hz.zj.cninfo.net,"Alcatel-Lucent 7750 Service Router (SR OS 9.0.R9)",96
61.130.64.137,ppp137-64.hz.zj.cninfo.net,"Alcatel-Lucent 7750 Service Router (SR OS 9.0.R9)",96
61.130.67.25,ppp25-67.hz.zj.cninfo.net,"Alcatel-Lucent 7750 Service Router (SR OS 9.0.R9)",96
61.130.67.173,ppp173-67.hz.zj.cninfo.net,"Alcatel-Lucent 7750 Service Router (SR OS 9.0.R9)",96
61.130.68.5,ppp5-68.hz.zj.cninfo.net,"Alcatel-Lucent 7750 Service Router (SR OS 9.0.R9)",96
61.130.68.45,ppp45-68.hz.zj.cninfo.net,"Alcatel-Lucent 7750 Service Router (SR OS 9.0.R9)",96
61.130.68.77,ppp77-68.hz.zj.cninfo.net,"Alcatel-Lucent 7750 Service Router (SR OS 9.0.R9)",96
61.130.68.241,ppp241-68.hz.zj.cninfo.net,"Alcatel-Lucent 7750 Service Router (SR OS 9.0.R9)",96
61.130.69.117,ppp117-69.hz.zj.cninfo.net,"Alcatel-Lucent 7750 Service Router (SR OS 9.0.R9)",96
61.130.69.197,ppp197-69.hz.zj.cninfo.net,"Alcatel-Lucent 7750 Service Router (SR OS 9.0.R9)",96
61.130.69.229,ppp229-69.hz.zj.cninfo.net,"Alcatel-Lucent 7750 Service Router (SR OS 9.0.R9)",94
61.130.69.237,ppp237-69.hz.zj.cninfo.net,"Alcatel-Lucent 7750 Service Router (SR OS 9.0.R9)",95
61.130.69.253,ppp253-69.hz.zj.cninfo.net,"Alcatel-Lucent 7750 Service Router (SR OS 9.0.R9)",96
61.130.70.17,ppp17-70.hz.zj.cninfo.net,"Alcatel-Lucent 7750 Service Router (SR OS 9.0.R9)",96
61.130.70.125,ppp125-70.hz.zj.cninfo.net,"Alcatel-Lucent 7750 Service Router (SR OS 9.0.R9)",96
61.130.71.81,ppp81-71.hz.zj.cninfo.net,"Alcatel-Lucent 7750 Service Router (SR OS 9.0.R9)",95
61.130.72.41,ppp41-72.hz.zj.cninfo.net,"Alcatel-Lucent 7750 Service Router (SR OS 9.0.R9)",96
61.130.72.109,ppp109-72.hz.zj.cninfo.net,"Alcatel-Lucent 7750 Service Router (SR OS 9.0.R9)",95
61.130.73.45,ppp45-73.hz.zj.cninfo.net,"Alcatel-Lucent 7750 Service Router (SR OS 9.0.R9)",96
61.130.74.29,ppp29-74.hz.zj.cninfo.net,"Alcatel-Lucent 7750 Service Router (SR OS 9.0.R9)",96
61.130.74.69,ppp69-74.hz.zj.cninfo.net,"Alcatel-Lucent 7750 Service Router (SR OS 9.0.R9)",95
61.130.74.125,ppp125-74.hz.zj.cninfo.net,"Alcatel-Lucent 7750 Service Router (SR OS 9.0.R9)",96
61.130.74.149,ppp149-74.hz.zj.cninfo.net,"Alcatel-Lucent 7750 Service Router (SR OS 9.0.R9)",96
61.130.74.205,ppp205-74.hz.zj.cninfo.net,"Alcatel-Lucent 7750 Service Router (SR OS 9.0.R9)",96
61.130.74.213,ppp213-74.hz.zj.cninfo.net,"Alcatel-Lucent 7750 Service Router (SR OS 9.0.R9)",96
61.130.75.201,ppp201-75.hz.zj.cninfo.net,"Alcatel-Lucent 7750 Service Router (SR OS 9.0.R9)",96
61.130.77.77,ppp77-77.nb.zj.cninfo.net,"Alcatel-Lucent 7750 Service Router (SR OS 9.0.R9)",95
61.130.77.125,ppp125-77.nb.zj.cninfo.net,"Alcatel-Lucent 7750 Service Router (SR OS 9.0.R9)",96
61.130.77.245,ppp245-77.nb.zj.cninfo.net,"Alcatel-Lucent 7750 Service Router (SR OS 9.0.R9)",96
61.130.78.17,ppp17-78.nb.zj.cninfo.net,"Alcatel-Lucent 7750 Service Router (SR OS 9.0.R9)",96
61.130.78.165,ppp165-78.nb.zj.cninfo.net,"Alcatel-Lucent 7750 Service Router (SR OS 9.0.R9)",96
61.130.79.81,ppp81-79.nb.zj.cninfo.net,"Alcatel-Lucent 7750 Service Router (SR OS 9.0.R9)",96
61.130.79.213,ppp213-79.nb.zj.cninfo.net,"Alcatel-Lucent 7750 Service Router (SR OS 9.0.R9)",96
61.130.98.125,ppp125-98.sx.zj.cninfo.net,"Alcatel-Lucent 7750 Service Router (SR OS 9.0.R9)",96
61.130.100.9,ppp9-100.jx.zj.cninfo.net,"Alcatel-Lucent 7750 Service Router (SR OS 9.0.R9)",94
61.130.101.49,ppp49-101.jx.zj.cninfo.net,"Alcatel-Lucent 7750 Service Router (SR OS 9.0.R9)",95
61.130.101.137,ppp137-101.jx.zj.cninfo.net,"Alcatel-Lucent 7750 Service Router (SR OS 9.0.R9)",95
61.130.103.85,ppp85-103.jx.zj.cninfo.net,"Alcatel-Lucent 7750 Service Router (SR OS 9.0.R9)",96
61.130.103.117,ppp117-103.jx.zj.cninfo.net,"Alcatel-Lucent 7750 Service Router (SR OS 9.0.R9)",96
61.130.115.25,ppp25-115.qz.zj.cninfo.net,"Alcatel-Lucent 7750 Service Router (SR OS 9.0.R9)",96
61.130.122.153,ppp153-122.zs.zj.cninfo.net,"Juniper Networks ERX-700 router",95
61.130.122.187,ppp187-122.zs.zj.cninfo.net,"Juniper Networks ERX-700 router",95
61.130.148.121,121.148.130.61.dial.wz.zj.dynamic.163data.com.cn,"Alcatel-Lucent 7750 Service Router (SR OS 9.0.R9)",96
61.130.148.201,201.148.130.61.dial.wz.zj.dynamic.163data.com.cn,"Alcatel-Lucent 7750 Service Router (SR OS 9.0.R9)",96
61.130.148.205,205.148.130.61.dial.wz.zj.dynamic.163data.com.cn,"Alcatel-Lucent 7750 Service Router (SR OS 9.0.R9)",96
61.130.149.181,181.149.130.61.dial.wz.zj.dynamic.163data.com.cn,"Alcatel-Lucent 7750 Service Router (SR OS 9.0.R9)",96
61.130.149.229,229.149.130.61.dial.wz.zj.dynamic.163data.com.cn,"Alcatel-Lucent 7750 Service Router (SR OS 9.0.R9)",94
61.130.150.213,213.150.130.61.dial.wz.zj.dynamic.163data.com.cn,"Alcatel-Lucent 7750 Service Router (SR OS 9.0.R9)",95
61.130.151.145,145.151.130.61.dial.wz.zj.dynamic.163data.com.cn,"Alcatel-Lucent 7750 Service Router (SR OS 9.0.R9)",95
61.130.152.22,22.152.130.61.broad.jh.zj.dynamic.163data.com.cn,"Alcatel-Lucent 7750 Service Router (SR OS 9.0.R9)",96
61.130.153.2,2.153.130.61.broad.jh.zj.dynamic.163data.com.cn,"Alcatel-Lucent 7750 Service Router (SR OS 9.0.R9)",96
61.130.153.62,62.153.130.61.broad.jh.zj.dynamic.163data.com.cn,"Alcatel-Lucent 7750 Service Router (SR OS 9.0.R9)",96
61.130.156.217,217.156.130.61.broad.jh.zj.dynamic.163data.com.cn,"Alcatel-Lucent 7750 Service Router (SR OS 9.0.R9)",96
61.130.156.237,237.156.130.61.broad.jh.zj.dynamic.163data.com.cn,"Alcatel-Lucent 7750 Service Router (SR OS 9.0.R9)",96
61.130.158.33,33.158.130.61.broad.jh.zj.dynamic.163data.com.cn,"Alcatel-Lucent 7750 Service Router (SR OS 9.0.R9)",96
61.130.159.27,27.159.130.61.broad.jh.zj.dynamic.163data.com.cn,"Alcatel-Lucent 7750 Service Router (SR OS 9.0.R9)",96
61.130.172.121,,"Alcatel-Lucent 7750 Service Router (SR OS 9.0.R9)",96
61.130.172.161,,"Alcatel-Lucent 7750 Service Router (SR OS 9.0.R9)",96
61.130.173.25,,"Alcatel-Lucent 7750 Service Router (SR OS 9.0.R9)",96
61.130.173.89,,"Alcatel-Lucent 7750 Service Router (SR OS 9.0.R9)",96
61.130.173.169,,"Alcatel-Lucent 7750 Service Router (SR OS 9.0.R9)",96
61.130.174.33,,"Alcatel-Lucent 7750 Service Router (SR OS 9.0.R9)",95
61.130.175.21,,"Alcatel-Lucent 7750 Service Router (SR OS 9.0.R9)",96
61.130.175.45,,"Alcatel-Lucent 7750 Service Router (SR OS 9.0.R9)",96
61.130.175.237,,"Alcatel-Lucent 7750 Service Router (SR OS 9.0.R9)",95
61.130.219.186,186.219.130.61.broad.hu.zj.dynamic.163data.com.cn,"Juniper M7i router",97
61.130.246.197,,"3Com SuperStack 3 Switch 4500",94
61.130.252.77,,"Alcatel-Lucent 7750 Service Router (SR OS 9.0.R9)",96
61.130.252.101,,"Alcatel-Lucent 7750 Service Router (SR OS 9.0.R9)",95
61.130.252.133,,"Alcatel-Lucent 7750 Service Router (SR OS 9.0.R9)",96
61.130.253.149,,"Alcatel-Lucent 7750 Service Router (SR OS 9.0.R9)",96
61.130.254.97,,"Alcatel-Lucent 7750 Service Router (SR OS 9.0.R9)",96
61.130.254.157,,"Alcatel-Lucent 7750 Service Router (SR OS 9.0.R9)",96
61.131.36.33,,"Juniper JUNOS 10.4R6.5",98
61.131.75.193,193.75.131.61.board.xm.fj.dynamic.163data.com.cn,"Linux 2.4.33 (embedded)",96
61.131.82.41,41.82.131.61.dial.fz.fj.dynamic.163data.com.cn,"Microsoft Windows XP SP3",98
61.131.101.1,,"Juniper JUNOS 10.4R6.5",98
61.131.101.13,,"Juniper JUNOS 10.4R6.5",98
61.131.101.17,,"Juniper JUNOS 10.4R6.5",98
61.131.101.41,,"Juniper JUNOS 10.4R6.5",98
61.131.101.77,,"Juniper JUNOS 10.4R6.5",98
61.131.101.81,,"Juniper JUNOS 10.4R6.5",97
61.131.101.97,,"Juniper JUNOS 10.4R6.5",98
61.131.101.105,,"Juniper JUNOS 10.4R6.5",98
61.131.101.117,,"Juniper JUNOS 10.4R6.5",98
61.131.101.121,,"Juniper JUNOS 10.4R6.5",98
61.131.101.153,,"Juniper JUNOS 10.4R6.5",97
61.131.101.165,,"Juniper JUNOS 10.4R6.5",98
61.131.101.193,,"Juniper JUNOS 10.4R6.5",98
61.131.101.197,,"Juniper JUNOS 10.4R6.5",98
61.131.102.42,,"Juniper JUNOS 10.4R6.5",97
61.131.102.58,,"Juniper JUNOS 10.4R6.5",98
61.131.102.122,,"Juniper JUNOS 10.4R6.5",98
61.131.102.130,,"Juniper JUNOS 10.4R6.5",97
61.131.102.186,,"Juniper JUNOS 10.4R6.5",98
61.131.118.45,c3-45.ndptt.fj.cn,"Juniper JUNOS 10.4R6.5",98
61.131.119.25,c4-25.ndptt.fj.cn,"Juniper JUNOS 10.4R6.5",98
61.131.119.77,c4-77.ndptt.fj.cn,"Juniper JUNOS 10.4R6.5",98
61.132.24.89,,"3Com SuperStack 3 Switch 4500",95
61.132.25.65,,"Alcatel-Lucent 7750 Service Router (SR OS 9.0.R9)",99
61.132.34.89,,"Alcatel-Lucent 7750 Service Router (SR OS 9.0.R9)",96
61.132.55.65,,"Alcatel-Lucent 7750 Service Router (SR OS 9.0.R9)",96
61.132.65.194,,"Cabletron ELS100-24TXM switch",89
61.132.72.9,,"Alcatel-Lucent 7750 Service Router (SR OS 9.0.R9)",96
61.132.89.65,,"Alcatel-Lucent 7750 Service Router (SR OS 9.0.R9)",96
61.132.90.121,,"Alcatel-Lucent 7750 Service Router (SR OS 9.0.R9)",95
61.132.93.21,,"Alcatel-Lucent 7750 Service Router (SR OS 9.0.R9)",95
61.132.93.69,,"Alcatel-Lucent 7750 Service Router (SR OS 9.0.R9)",95
61.132.93.85,,"Alcatel-Lucent 7750 Service Router (SR OS 9.0.R9)",95
61.132.93.93,,"Alcatel-Lucent 7750 Service Router (SR OS 9.0.R9)",95
61.132.93.97,,"Alcatel-Lucent 7750 Service Router (SR OS 9.0.R9)",95
61.132.93.129,,"Alcatel-Lucent 7750 Service Router (SR OS 9.0.R9)",95
61.132.93.137,,"Alcatel-Lucent 7750 Service Router (SR OS 9.0.R9)",95
61.132.93.169,,"Alcatel-Lucent 7750 Service Router (SR OS 9.0.R9)",95
61.132.93.209,,"Alcatel-Lucent 7750 Service Router (SR OS 9.0.R9)",95
61.132.94.121,,"Alcatel-Lucent 7750 Service Router (SR OS 9.0.R9)",96
61.132.95.149,,"Alcatel-Lucent 7750 Service Router (SR OS 9.0.R9)",96
61.132.95.161,,"Alcatel-Lucent 7750 Service Router (SR OS 9.0.R9)",96
61.132.96.129,,"Alcatel-Lucent 7750 Service Router (SR OS 9.0.R9)",96
61.132.96.225,,"Alcatel-Lucent 7750 Service Router (SR OS 9.0.R9)",96
61.132.98.5,,"Alcatel-Lucent 7750 Service Router (SR OS 9.0.R9)",96
61.132.98.193,,"Alcatel-Lucent 7750 Service Router (SR OS 9.0.R9)",96
61.132.98.225,,"Alcatel-Lucent 7750 Service Router (SR OS 9.0.R9)",95
61.132.98.241,,"Alcatel-Lucent 7750 Service Router (SR OS 9.0.R9)",95
61.132.99.17,,"Alcatel-Lucent 7750 Service Router (SR OS 9.0.R9)",96
61.132.99.37,,"Alcatel-Lucent 7750 Service Router (SR OS 9.0.R9)",96
61.132.99.209,,"Alcatel-Lucent 7750 Service Router (SR OS 9.0.R9)",95
61.132.99.237,,"Alcatel-Lucent 7750 Service Router (SR OS 9.0.R9)",96
61.132.101.17,,"Alcatel-Lucent 7750 Service Router (SR OS 9.0.R9)",95
61.132.101.109,,"Alcatel-Lucent 7750 Service Router (SR OS 9.0.R9)",95
61.132.101.113,,"Alcatel-Lucent 7750 Service Router (SR OS 9.0.R9)",95
61.132.102.69,,"Alcatel-Lucent 7750 Service Router (SR OS 9.0.R9)",96
61.132.102.97,,"Alcatel-Lucent 7750 Service Router (SR OS 9.0.R9)",96
61.132.102.153,,"Alcatel-Lucent 7750 Service Router (SR OS 9.0.R9)",96
61.132.102.205,,"Alcatel-Lucent 7750 Service Router (SR OS 9.0.R9)",96
61.132.106.53,,"Alcatel-Lucent 7750 Service Router (SR OS 9.0.R9)",95
61.132.106.113,,"Alcatel-Lucent 7750 Service Router (SR OS 9.0.R9)",95
61.132.106.137,,"Alcatel-Lucent 7750 Service Router (SR OS 9.0.R9)",96
61.132.106.233,,"Alcatel-Lucent 7750 Service Router (SR OS 9.0.R9)",96
61.132.107.101,,"Alcatel-Lucent 7750 Service Router (SR OS 9.0.R9)",95
61.132.107.113,,"Alcatel-Lucent 7750 Service Router (SR OS 9.0.R9)",96
61.132.107.137,,"Alcatel-Lucent 7750 Service Router (SR OS 9.0.R9)",95
61.132.108.17,,"Alcatel-Lucent 7750 Service Router (SR OS 9.0.R9)",96
61.132.108.245,,"Alcatel-Lucent 7750 Service Router (SR OS 9.0.R9)",95
61.132.109.129,,"Alcatel-Lucent 7750 Service Router (SR OS 9.0.R9)",96
61.132.109.225,,"Alcatel-Lucent 7750 Service Router (SR OS 9.0.R9)",96
61.132.110.41,,"Alcatel-Lucent 7750 Service Router (SR OS 9.0.R9)",96
61.132.111.1,,"Alcatel-Lucent 7750 Service Router (SR OS 9.0.R9)",95
61.132.111.105,,"Alcatel-Lucent 7750 Service Router (SR OS 9.0.R9)",96
61.132.135.66,,"3Com 3016 router",93
61.132.136.13,,"Microsoft Windows XP SP2 or Windows Server 2003 SP1 or SP2",88
61.132.136.14,,"H3C E126A or S3100-8T-SI switch (Comware 3.10)",96
61.132.138.156,,"OpenWrt (Linux 2.4.32)",97
61.132.173.85,,"Linux 2.6.18",95
61.132.173.88,,"Linux 2.6.18",95
61.132.173.131,,"OpenWrt (Linux 2.4.32)",94
61.132.173.143,,"OpenWrt (Linux 2.4.32)",94
61.132.173.200,,"OpenWrt (Linux 2.4.32)",94
61.132.173.208,,"OpenWrt (Linux 2.4.32)",94
61.132.179.18,,"Alcatel-Lucent 7750 Service Router (SR OS 9.0.R9)",95
61.132.179.22,,"Alcatel-Lucent 7750 Service Router (SR OS 9.0.R9)",95
61.132.179.146,,"Alcatel-Lucent 7750 Service Router (SR OS 9.0.R9)",94
61.132.183.10,,"Huawei MA5200 router",96
61.132.186.62,,"Huawei S9300 switch",99
61.132.187.37,,"Cisco CRS-1 router (IOS XR 3.4.1 - 3.6.2)",99
61.132.187.81,,"Cisco CRS-1 router (IOS XR 3.4.1 - 3.6.2)",99
61.132.222.118,,"Huawei MA5200 router",96
61.132.248.238,,"Huawei S9300 switch",97
61.133.129.42,42.129.133.61.broad.static.hf.ah.cndata.com,"T-Marc 254H switch",99
61.133.132.90,90.132.133.61.broad.static.hf.ah.cndata.com,"Avaya G700 Telephony Media Gateway or Sun Advanced Lights Out Maganer 1.5.2 (VxWorks)",98
61.133.132.170,170.132.133.61.broad.static.hf.ah.cndata.com,"H3C E126A or S3100-8T-SI switch (Comware 3.10)",99
61.133.134.46,46.134.133.61.broad.static.hf.ah.cndata.com,"T-Marc 254H switch",99
61.133.134.51,51.134.133.61.broad.static.hf.ah.cndata.com,"H3C E126A or S3100-8T-SI switch (Comware 3.10)",96
61.133.135.130,130.135.133.61.broad.static.hf.ah.cndata.com,VxWorks,99
61.133.149.12,12.149.133.61.broad.static.hf.ah.cndata.com,"Westell WireSpeed Dual Connect 6100 DSL router",98
61.133.150.56,56.150.133.61.broad.static.hf.ah.cndata.com,"Westell WireSpeed Dual Connect 6100 DSL router",97
61.133.150.114,114.150.133.61.broad.static.hf.ah.cndata.com,"Huawei Quidway S3526C switch (VRP 3.10)",96
61.133.150.154,154.150.133.61.broad.static.hf.ah.cndata.com,"Huawei Quidway S3526C switch (VRP 3.10)",96
61.133.151.38,38.151.133.61.broad.static.hf.ah.cndata.com,"Huawei Quidway S3526C switch (VRP 3.10)",96
61.133.151.48,48.151.133.61.broad.static.hf.ah.cndata.com,"H3C E126A or S3100-8T-SI switch (Comware 3.10)",96
61.133.151.51,51.151.133.61.broad.static.hf.ah.cndata.com,"Westell WireSpeed Dual Connect 6100 DSL router",97
61.133.151.73,73.151.133.61.broad.static.hf.ah.cndata.com,"Westell WireSpeed Dual Connect 6100 DSL router",97
61.133.151.132,132.151.133.61.broad.static.hf.ah.cndata.com,"H3C E126A or S3100-8T-SI switch (Comware 3.10)",96
61.133.151.133,133.151.133.61.broad.static.hf.ah.cndata.com,"H3C E126A or S3100-8T-SI switch (Comware 3.10)",96
61.133.151.143,143.151.133.61.broad.static.hf.ah.cndata.com,"Huawei S2326 switch",96
61.133.154.83,83.154.133.61.broad.static.hf.ah.cndata.com,"Huawei Quidway S3526C switch (VRP 3.10)",96
61.133.154.139,139.154.133.61.broad.static.hf.ah.cndata.com,"Huawei Quidway S3526C switch (VRP 3.10)",96
61.133.154.183,183.154.133.61.broad.static.hf.ah.cndata.com,"Westell WireSpeed Dual Connect 6100 DSL router",98
61.133.154.244,244.154.133.61.broad.static.hf.ah.cndata.com,"Westell WireSpeed Dual Connect 6100 DSL router",97
61.133.155.23,23.155.133.61.broad.static.hf.ah.cndata.com,"Huawei Quidway S3526C switch (VRP 3.10)",96
61.133.155.31,31.155.133.61.broad.static.hf.ah.cndata.com,"Westell WireSpeed Dual Connect 6100 DSL router",98
61.133.155.51,51.155.133.61.broad.static.hf.ah.cndata.com,"Avaya Office IP500 VoIP adapter",88
61.133.155.177,177.155.133.61.broad.static.hf.ah.cndata.com,"Westell WireSpeed Dual Connect 6100 DSL router",98
61.133.155.184,184.155.133.61.broad.static.hf.ah.cndata.com,"Westell WireSpeed Dual Connect 6100 DSL router",97
61.133.160.14,14.160.133.61.broad.static.hf.ah.cndata.com,"Westell WireSpeed Dual Connect 6100 DSL router",98
61.133.160.15,15.160.133.61.broad.static.hf.ah.cndata.com,"Westell WireSpeed Dual Connect 6100 DSL router",98
61.133.160.78,78.160.133.61.broad.static.hf.ah.cndata.com,"Huawei Quidway S3526C switch (VRP 3.10)",96
61.133.160.128,128.160.133.61.broad.static.hf.ah.cndata.com,"Westell WireSpeed Dual Connect 6100 DSL router",97
61.133.160.129,129.160.133.61.broad.static.hf.ah.cndata.com,"Westell WireSpeed Dual Connect 6100 DSL router",97
61.133.160.149,149.160.133.61.broad.static.hf.ah.cndata.com,"Westell WireSpeed Dual Connect 6100 DSL router",97
61.133.160.251,251.160.133.61.broad.static.hf.ah.cndata.com,"Westell WireSpeed Dual Connect 6100 DSL router",94
61.133.161.18,18.161.133.61.broad.static.hf.ah.cndata.com,"Westell WireSpeed Dual Connect 6100 DSL router",98
61.133.161.37,37.161.133.61.broad.static.hf.ah.cndata.com,"Westell WireSpeed Dual Connect 6100 DSL router",97
61.133.161.42,42.161.133.61.broad.static.hf.ah.cndata.com,"Westell WireSpeed Dual Connect 6100 DSL router",97
61.133.161.144,144.161.133.61.broad.static.hf.ah.cndata.com,"Westell WireSpeed Dual Connect 6100 DSL router",97
61.133.161.230,230.161.133.61.broad.static.hf.ah.cndata.com,"Westell WireSpeed Dual Connect 6100 DSL router",98
61.133.162.18,18.162.133.61.broad.static.hf.ah.cndata.com,"Westell WireSpeed Dual Connect 6100 DSL router",97
61.133.162.19,19.162.133.61.broad.static.hf.ah.cndata.com,"Westell WireSpeed Dual Connect 6100 DSL router",97
61.133.162.86,86.162.133.61.broad.static.hf.ah.cndata.com,"Huawei Quidway S3526C switch (VRP 3.10)",96
61.133.162.126,126.162.133.61.broad.static.hf.ah.cndata.com,"Westell WireSpeed Dual Connect 6100 DSL router",98
61.133.162.128,128.162.133.61.broad.static.hf.ah.cndata.com,"Westell WireSpeed Dual Connect 6100 DSL router",98
61.133.162.140,140.162.133.61.broad.static.hf.ah.cndata.com,"Westell WireSpeed Dual Connect 6100 DSL router",97
61.133.162.151,151.162.133.61.broad.static.hf.ah.cndata.com,"Westell WireSpeed Dual Connect 6100 DSL router",97
61.133.162.164,164.162.133.61.broad.static.hf.ah.cndata.com,"Huawei Quidway S3526C switch (VRP 3.10)",96
61.133.162.209,209.162.133.61.broad.static.hf.ah.cndata.com,"Westell WireSpeed Dual Connect 6100 DSL router",98
61.133.162.221,221.162.133.61.broad.static.hf.ah.cndata.com,"Westell WireSpeed Dual Connect 6100 DSL router",97
61.133.162.245,245.162.133.61.broad.static.hf.ah.cndata.com,"Westell WireSpeed Dual Connect 6100 DSL router",97
61.133.163.31,31.163.133.61.broad.static.hf.ah.cndata.com,"Westell WireSpeed Dual Connect 6100 DSL router",98
61.133.163.73,73.163.133.61.broad.static.hf.ah.cndata.com,"Westell WireSpeed Dual Connect 6100 DSL router",98
61.133.164.38,38.164.133.61.broad.static.hf.ah.cndata.com,"Huawei Quidway S3526C switch (VRP 3.10)",99
61.133.164.40,40.164.133.61.broad.static.hf.ah.cndata.com,"Huawei Quidway S3526C switch (VRP 3.10)",96
61.133.164.56,56.164.133.61.broad.static.hf.ah.cndata.com,"Patton SmartNode 4960 VoIP adapter (SmartWare 4.2)",81
61.133.164.230,230.164.133.61.broad.static.hf.ah.cndata.com,"Westell WireSpeed Dual Connect 6100 DSL router",97
61.133.164.237,237.164.133.61.broad.static.hf.ah.cndata.com,"Westell WireSpeed Dual Connect 6100 DSL router",97
61.133.165.32,32.165.133.61.broad.static.hf.ah.cndata.com,"Huawei Quidway S3526C switch (VRP 3.10)",99
61.133.165.42,42.165.133.61.broad.static.hf.ah.cndata.com,"Westell WireSpeed Dual Connect 6100 DSL router",98
61.133.165.68,68.165.133.61.broad.static.hf.ah.cndata.com,"Huawei Quidway S3526C switch (VRP 3.10)",96
61.133.165.81,81.165.133.61.broad.static.hf.ah.cndata.com,"Patton SmartNode 4960 VoIP adapter (SmartWare 4.2)",81
61.133.165.92,92.165.133.61.broad.static.hf.ah.cndata.com,"Huawei Quidway S3526C switch (VRP 3.10)",96
61.133.165.111,111.165.133.61.broad.static.hf.ah.cndata.com,"Huawei Quidway S3526C switch (VRP 3.10)",96
61.133.165.115,115.165.133.61.broad.static.hf.ah.cndata.com,"Patton SmartNode 4960 VoIP adapter (SmartWare 4.2)",81
61.133.165.198,198.165.133.61.broad.static.hf.ah.cndata.com,"Westell WireSpeed Dual Connect 6100 DSL router",98
61.133.165.230,230.165.133.61.broad.static.hf.ah.cndata.com,"Huawei Quidway S3526C switch (VRP 3.10)",99
61.133.166.11,11.166.133.61.broad.static.hf.ah.cndata.com,"Huawei MA5200 router",96
61.133.166.34,34.166.133.61.broad.static.hf.ah.cndata.com,"Huawei Quidway S3526C switch (VRP 3.10)",96
61.133.167.45,45.167.133.61.broad.static.hf.ah.cndata.com,"H3C E126A or S3100-8T-SI switch (Comware 3.10)",98
61.133.168.9,9.168.133.61.broad.static.hf.ah.cndata.com,"Huawei Quidway S3526C switch (VRP 3.10)",96
61.133.168.18,18.168.133.61.broad.static.hf.ah.cndata.com,"Huawei Quidway S3526C switch (VRP 3.10)",96
61.133.168.20,20.168.133.61.broad.static.hf.ah.cndata.com,"Westell WireSpeed Dual Connect 6100 DSL router",98
61.133.168.66,66.168.133.61.broad.static.hf.ah.cndata.com,"Xerox Phaser 3150 printer",96
61.133.168.167,167.168.133.61.broad.static.hf.ah.cndata.com,"Huawei Quidway S3526C switch (VRP 3.10)",96
61.133.168.232,232.168.133.61.broad.static.hf.ah.cndata.com,"Huawei Quidway S3526C switch (VRP 3.10)",96
61.133.169.85,85.169.133.61.broad.static.hf.ah.cndata.com,"Patton SmartNode 4960 VoIP adapter (SmartWare 4.2)",81
61.133.169.86,86.169.133.61.broad.static.hf.ah.cndata.com,"Patton SmartNode 4960 VoIP adapter (SmartWare 4.2)",81
61.133.169.91,91.169.133.61.broad.static.hf.ah.cndata.com,"Patton SmartNode 4960 VoIP adapter (SmartWare 4.2)",81
61.133.169.107,107.169.133.61.broad.static.hf.ah.cndata.com,"Patton SmartNode 4960 VoIP adapter (SmartWare 4.2)",81
61.133.169.127,127.169.133.61.broad.static.hf.ah.cndata.com,"Westell WireSpeed Dual Connect 6100 DSL router",97
61.133.169.196,196.169.133.61.broad.static.hf.ah.cndata.com,"Huawei Quidway S3526C switch (VRP 3.10)",96
61.133.169.228,228.169.133.61.broad.static.hf.ah.cndata.com,"Patton SmartNode 4960 VoIP adapter (SmartWare 4.2)",81
61.133.170.53,53.170.133.61.broad.static.hf.ah.cndata.com,"H3C E126A or S3100-8T-SI switch (Comware 3.10)",98
61.133.170.60,60.170.133.61.broad.static.hf.ah.cndata.com,"H3C E126A or S3100-8T-SI switch (Comware 3.10)",98
61.133.170.62,62.170.133.61.broad.static.hf.ah.cndata.com,"H3C E126A or S3100-8T-SI switch (Comware 3.10)",98
61.133.170.111,111.170.133.61.broad.static.hf.ah.cndata.com,"H3C E126A or S3100-8T-SI switch (Comware 3.10)",98
61.133.175.48,48.175.133.61.broad.static.hf.ah.cndata.com,"Westell WireSpeed Dual Connect 6100 DSL router",98
61.133.175.63,63.175.133.61.broad.static.hf.ah.cndata.com,"Westell WireSpeed Dual Connect 6100 DSL router",98
61.133.175.68,68.175.133.61.broad.static.hf.ah.cndata.com,"Westell WireSpeed Dual Connect 6100 DSL router",98
61.133.175.132,132.175.133.61.broad.static.hf.ah.cndata.com,"H3C E126A or S3100-8T-SI switch (Comware 3.10)",98
61.133.176.20,20.176.133.61.broad.static.hf.ah.cndata.com,"Huawei S2326 switch",97
61.133.176.28,28.176.133.61.broad.static.hf.ah.cndata.com,"Westell WireSpeed Dual Connect 6100 DSL router",97
61.133.176.31,31.176.133.61.broad.static.hf.ah.cndata.com,"Westell WireSpeed Dual Connect 6100 DSL router",97
61.133.176.38,38.176.133.61.broad.static.hf.ah.cndata.com,"Huawei Quidway S3526C switch (VRP 3.10)",96
61.133.176.54,54.176.133.61.broad.static.hf.ah.cndata.com,"Patton SmartNode 4960 VoIP adapter (SmartWare 4.2)",81
61.133.176.57,57.176.133.61.broad.static.hf.ah.cndata.com,"Huawei Quidway S3526C switch (VRP 3.10)",96
61.133.176.78,78.176.133.61.broad.static.hf.ah.cndata.com,"Huawei Quidway S3526C switch (VRP 3.10)",96
61.133.176.136,136.176.133.61.broad.static.hf.ah.cndata.com,"Westell WireSpeed Dual Connect 6100 DSL router",97
61.133.176.146,146.176.133.61.broad.static.hf.ah.cndata.com,"Westell WireSpeed Dual Connect 6100 DSL router",97
61.133.176.161,161.176.133.61.broad.static.hf.ah.cndata.com,"Westell WireSpeed Dual Connect 6100 DSL router",97
61.133.176.217,217.176.133.61.broad.static.hf.ah.cndata.com,"Patton SmartNode 4960 VoIP adapter (SmartWare 4.2)",81
61.133.176.225,225.176.133.61.broad.static.hf.ah.cndata.com,"Westell WireSpeed Dual Connect 6100 DSL router",97
61.133.176.227,227.176.133.61.broad.static.hf.ah.cndata.com,"Westell WireSpeed Dual Connect 6100 DSL router",97
61.133.176.230,230.176.133.61.broad.static.hf.ah.cndata.com,"Westell WireSpeed Dual Connect 6100 DSL router",97
61.133.177.73,73.177.133.61.broad.static.hf.ah.cndata.com,"Westell WireSpeed Dual Connect 6100 DSL router",97
61.133.177.78,78.177.133.61.broad.static.hf.ah.cndata.com,"Westell WireSpeed Dual Connect 6100 DSL router",97
61.133.177.88,88.177.133.61.broad.static.hf.ah.cndata.com,"Westell WireSpeed Dual Connect 6100 DSL router",97
61.133.177.210,210.177.133.61.broad.static.hf.ah.cndata.com,"Patton SmartNode 4960 VoIP adapter (SmartWare 4.2)",81
61.133.177.214,214.177.133.61.broad.static.hf.ah.cndata.com,"Huawei S9300 switch",97
61.133.178.50,50.178.133.61.broad.static.hf.ah.cndata.com,"H3C E126A or S3100-8T-SI switch (Comware 3.10)",96
61.133.178.214,214.178.133.61.broad.static.hf.ah.cndata.com,"Westell WireSpeed Dual Connect 6100 DSL router",97
61.133.178.251,251.178.133.61.broad.static.hf.ah.cndata.com,"Westell WireSpeed Dual Connect 6100 DSL router",97
61.133.179.108,108.179.133.61.broad.static.hf.ah.cndata.com,"Huawei Quidway S3526C switch (VRP 3.10)",99
61.133.184.23,23.184.133.61.broad.static.hf.ah.cndata.com,"Patton SmartNode 4960 VoIP adapter (SmartWare 4.2)",81
61.133.184.43,43.184.133.61.broad.static.hf.ah.cndata.com,"Westell WireSpeed Dual Connect 6100 DSL router",98
61.133.185.35,35.185.133.61.broad.static.hf.ah.cndata.com,"Westell WireSpeed Dual Connect 6100 DSL router",97
61.133.185.39,39.185.133.61.broad.static.hf.ah.cndata.com,"Westell WireSpeed Dual Connect 6100 DSL router",97
61.133.185.46,46.185.133.61.broad.static.hf.ah.cndata.com,"Westell WireSpeed Dual Connect 6100 DSL router",98
61.133.185.61,61.185.133.61.broad.static.hf.ah.cndata.com,"Patton SmartNode 4960 VoIP adapter (SmartWare 4.2)",81
61.133.185.76,76.185.133.61.broad.static.hf.ah.cndata.com,"Foundry Networks ServerIron switch",81
61.133.185.183,183.185.133.61.broad.static.hf.ah.cndata.com,"Huawei Quidway S3526C switch (VRP 3.10)",96
61.133.189.28,28.189.133.61.broad.static.hf.ah.cndata.com,"Westell WireSpeed Dual Connect 6100 DSL router",97
61.133.189.83,83.189.133.61.broad.static.hf.ah.cndata.com,"Huawei Quidway S3526C switch (VRP 3.10)",96
61.133.189.89,89.189.133.61.broad.static.hf.ah.cndata.com,"Huawei Quidway S3526C switch (VRP 3.10)",96
61.133.189.237,237.189.133.61.broad.static.hf.ah.cndata.com,"H3C E126A or S3100-8T-SI switch (Comware 3.10)",98
61.133.190.10,10.190.133.61.broad.static.hf.ah.cndata.com,"Huawei Quidway S3526C switch (VRP 3.10)",99
61.133.190.41,41.190.133.61.broad.static.hf.ah.cndata.com,"Westell WireSpeed Dual Connect 6100 DSL router",97
61.133.190.69,69.190.133.61.broad.static.hf.ah.cndata.com,"Huawei Quidway S3526C switch (VRP 3.10)",96
61.133.190.106,106.190.133.61.broad.static.hf.ah.cndata.com,"Huawei Quidway S3526C switch (VRP 3.10)",96
61.133.191.144,144.191.133.61.broad.static.hf.ah.cndata.com,"Foundry Networks ServerIron switch",81
61.136.241.159,,"Redback Networks SmartEdge router (SmartEdge OS 5.0)",85
61.137.195.229,,"Linux 2.4.33 (embedded)",95
61.138.108.60,,"Redback Networks SmartEdge 600 router (SmartEdge OS)",90
61.139.236.222,,"Linux 2.4.33 (embedded)",99
61.140.111.58,58.111.140.61.broad.gz.gd.dynamic.163data.com.cn,"Linux 2.4.33 (embedded)",96
61.140.192.125,,"Linux 2.4.33 (embedded)",96
61.141.147.225,,"Linux 2.4.33 (embedded)",95
61.142.100.30,,"Alcatel-Lucent 7750 Service Router (SR OS 9.0.R9)",99
61.142.100.209,,"Alcatel-Lucent 7750 Service Router (SR OS 9.0.R9)",96
61.142.113.22,,"Alcatel-Lucent 7750 Service Router (SR OS 9.0.R9)",96
61.142.119.189,,"Alcatel-Lucent 7750 Service Router (SR OS 9.0.R9)",96
61.142.127.85,,"Alcatel-Lucent 7750 Service Router (SR OS 9.0.R9)",96
61.142.173.205,,"Alcatel-Lucent 7750 Service Router (SR OS 9.0.R9)",96
61.142.197.197,,"Alcatel-Lucent 7750 Service Router (SR OS 9.0.R9)",96
61.143.44.201,,"Linux 2.4.33 (embedded)",96
61.143.53.73,,"Alcatel-Lucent 7750 Service Router (SR OS 9.0.R9)",96
61.143.53.177,,"Alcatel-Lucent 7750 Service Router (SR OS 9.0.R9)",96
61.143.61.209,,"Alcatel-Lucent 7750 Service Router (SR OS 9.0.R9)",96
61.143.62.145,,"Alcatel-Lucent 7750 Service Router (SR OS 9.0.R9)",96
61.143.129.53,,"Alcatel-Lucent 7750 Service Router (SR OS 9.0.R9)",96
61.143.129.81,,"Alcatel-Lucent 7750 Service Router (SR OS 9.0.R9)",96
61.143.130.57,,"Alcatel-Lucent 7750 Service Router (SR OS 9.0.R9)",96
61.143.130.217,,"Alcatel-Lucent 7750 Service Router (SR OS 9.0.R9)",96
61.143.137.121,,"Alcatel-Lucent 7750 Service Router (SR OS 9.0.R9)",96
61.143.138.193,,"Alcatel-Lucent 7750 Service Router (SR OS 9.0.R9)",96
61.143.140.245,,"Alcatel-Lucent 7750 Service Router (SR OS 9.0.R9)",96
61.143.141.97,,"Alcatel-Lucent 7750 Service Router (SR OS 9.0.R9)",96
61.143.145.145,,"Alcatel-Lucent 7750 Service Router (SR OS 9.0.R9)",96
61.143.145.153,,"Alcatel-Lucent 7750 Service Router (SR OS 9.0.R9)",96
61.143.145.205,,"Alcatel-Lucent 7750 Service Router (SR OS 9.0.R9)",95
61.143.153.37,,"Alcatel-Lucent 7750 Service Router (SR OS 9.0.R9)",96
61.143.205.129,,"Alcatel-Lucent 7750 Service Router (SR OS 9.0.R9)",96
61.143.236.161,,"Alcatel-Lucent 7750 Service Router (SR OS 9.0.R9)",96
61.143.236.249,,"Alcatel-Lucent 7750 Service Router (SR OS 9.0.R9)",96
61.143.237.137,,"Alcatel-Lucent 7750 Service Router (SR OS 9.0.R9)",96
61.143.242.73,,"Alcatel-Lucent 7750 Service Router (SR OS 9.0.R9)",96
61.143.242.153,,"Alcatel-Lucent 7750 Service Router (SR OS 9.0.R9)",96
61.144.25.81,,"Alcatel-Lucent 7750 Service Router (SR OS 9.0.R9)",96
61.144.48.9,,"Alcatel-Lucent 7750 Service Router (SR OS 9.0.R9)",96
61.144.52.113,,"Alcatel-Lucent 7750 Service Router (SR OS 9.0.R9)",96
61.144.84.65,,"Alcatel-Lucent 7750 Service Router (SR OS 9.0.R9)",96
61.144.88.105,,"Alcatel-Lucent 7750 Service Router (SR OS 9.0.R9)",96
61.144.92.41,,"Alcatel-Lucent 7750 Service Router (SR OS 9.0.R9)",95
61.144.125.81,,"Alcatel-Lucent 7750 Service Router (SR OS 9.0.R9)",96
61.144.125.121,,"Alcatel-Lucent 7750 Service Router (SR OS 9.0.R9)",96
61.144.150.41,,"Alcatel-Lucent 7750 Service Router (SR OS 9.0.R9)",96
61.144.150.97,,"Alcatel-Lucent 7750 Service Router (SR OS 9.0.R9)",96
61.145.58.21,,"Alcatel-Lucent 7750 Service Router (SR OS 9.0.R9)",96
61.145.58.109,,"Alcatel-Lucent 7750 Service Router (SR OS 9.0.R9)",96
61.145.58.245,,"Alcatel-Lucent 7750 Service Router (SR OS 9.0.R9)",96
61.145.59.213,,"Alcatel-Lucent 7750 Service Router (SR OS 9.0.R9)",96
61.145.60.161,,"Alcatel-Lucent 7750 Service Router (SR OS 9.0.R9)",96
61.145.64.22,,"Alcatel-Lucent 7750 Service Router (SR OS 9.0.R9)",95
61.145.68.170,,"Alcatel-Lucent 7750 Service Router (SR OS 9.0.R9)",95
61.145.70.65,,"Alcatel-Lucent 7750 Service Router (SR OS 9.0.R9)",96
61.145.70.133,,"Alcatel-Lucent 7750 Service Router (SR OS 9.0.R9)",96
61.145.70.237,,"Alcatel-Lucent 7750 Service Router (SR OS 9.0.R9)",96
61.145.73.89,,"Alcatel-Lucent 7750 Service Router (SR OS 9.0.R9)",96
61.145.73.225,,"Alcatel-Lucent 7750 Service Router (SR OS 9.0.R9)",96
61.145.84.197,,"Alcatel-Lucent 7750 Service Router (SR OS 9.0.R9)",95
61.145.158.22,,"Alcatel-Lucent 7750 Service Router (SR OS 9.0.R9)",96
61.145.158.38,,"Alcatel-Lucent 7750 Service Router (SR OS 9.0.R9)",96
61.145.193.254,,"Alcatel-Lucent 7750 Service Router (SR OS 9.0.R9)",96
61.145.198.13,,"Alcatel-Lucent 7750 Service Router (SR OS 9.0.R9)",96
61.145.200.22,,"Alcatel-Lucent 7750 Service Router (SR OS 9.0.R9)",96
61.145.200.34,,"Alcatel-Lucent 7750 Service Router (SR OS 9.0.R9)",96
61.145.226.37,,"Alcatel-Lucent 7750 Service Router (SR OS 9.0.R9)",96
61.145.226.61,,"Alcatel-Lucent 7750 Service Router (SR OS 9.0.R9)",96
61.145.227.118,,"Alcatel-Lucent 7750 Service Router (SR OS 9.0.R9)",96
61.145.227.138,,"Alcatel-Lucent 7750 Service Router (SR OS 9.0.R9)",95
61.145.228.61,,"Alcatel-Lucent 7750 Service Router (SR OS 9.0.R9)",96
61.145.228.105,,"Alcatel-Lucent 7750 Service Router (SR OS 9.0.R9)",96
61.145.229.57,,"Alcatel-Lucent 7750 Service Router (SR OS 9.0.R9)",96
61.145.231.1,,"Alcatel-Lucent 7750 Service Router (SR OS 9.0.R9)",96
61.145.246.137,,"Alcatel-Lucent 7750 Service Router (SR OS 9.0.R9)",95
61.146.41.109,,"Alcatel-Lucent 7750 Service Router (SR OS 9.0.R9)",96
61.146.42.57,,"Alcatel-Lucent 7750 Service Router (SR OS 9.0.R9)",96
61.146.42.225,,"Alcatel-Lucent 7750 Service Router (SR OS 9.0.R9)",96
61.146.43.157,,"Alcatel-Lucent 7750 Service Router (SR OS 9.0.R9)",96
61.146.56.181,,"Alcatel-Lucent 7750 Service Router (SR OS 9.0.R9)",95
61.146.57.37,,"Redback Networks SmartEdge router (SmartEdge OS 5.0)",96
61.146.59.121,,"Alcatel-Lucent 7750 Service Router (SR OS 9.0.R9)",95
61.146.59.157,,"Alcatel-Lucent 7750 Service Router (SR OS 9.0.R9)",95
61.146.92.1,,"Alcatel-Lucent 7750 Service Router (SR OS 9.0.R9)",96
61.146.94.246,,"Alcatel-Lucent 7750 Service Router (SR OS 9.0.R9)",96
61.146.114.233,,"Alcatel-Lucent 7750 Service Router (SR OS 9.0.R9)",96
61.146.115.185,,"Alcatel-Lucent 7750 Service Router (SR OS 9.0.R9)",96
61.146.116.73,,"Alcatel-Lucent 7750 Service Router (SR OS 9.0.R9)",96
61.146.116.141,,"Alcatel-Lucent 7750 Service Router (SR OS 9.0.R9)",96
61.146.117.133,,"Alcatel-Lucent 7750 Service Router (SR OS 9.0.R9)",96
61.146.118.97,,"Alcatel-Lucent 7750 Service Router (SR OS 9.0.R9)",96
61.146.122.101,,"Alcatel-Lucent 7750 Service Router (SR OS 9.0.R9)",96
61.146.122.105,,"Alcatel-Lucent 7750 Service Router (SR OS 9.0.R9)",96
61.146.122.169,,"Alcatel-Lucent 7750 Service Router (SR OS 9.0.R9)",96
61.146.126.173,,"Alcatel-Lucent 7750 Service Router (SR OS 9.0.R9)",96
61.146.126.189,,"Alcatel-Lucent 7750 Service Router (SR OS 9.0.R9)",96
61.146.127.33,,"Alcatel-Lucent 7750 Service Router (SR OS 9.0.R9)",95
61.146.127.237,,"Alcatel-Lucent 7750 Service Router (SR OS 9.0.R9)",95
61.146.158.9,,"Alcatel-Lucent 7750 Service Router (SR OS 9.0.R9)",96
61.146.158.53,,"Alcatel-Lucent 7750 Service Router (SR OS 9.0.R9)",96
61.146.158.69,,"Alcatel-Lucent 7750 Service Router (SR OS 9.0.R9)",96
61.146.158.153,,"Alcatel-Lucent 7750 Service Router (SR OS 9.0.R9)",96
61.146.159.33,,"Alcatel-Lucent 7750 Service Router (SR OS 9.0.R9)",96
61.146.159.65,,"Alcatel-Lucent 7750 Service Router (SR OS 9.0.R9)",96
61.146.159.113,,"Alcatel-Lucent 7750 Service Router (SR OS 9.0.R9)",95
61.146.159.133,,"Alcatel-Lucent 7750 Service Router (SR OS 9.0.R9)",96
61.146.159.241,,"Alcatel-Lucent 7750 Service Router (SR OS 9.0.R9)",96
61.146.193.177,,"Alcatel-Lucent 7750 Service Router (SR OS 9.0.R9)",96
61.146.209.97,,"Alcatel-Lucent 7750 Service Router (SR OS 9.0.R9)",96
61.146.209.153,,"Alcatel-Lucent 7750 Service Router (SR OS 9.0.R9)",96
61.146.209.201,,"Alcatel-Lucent 7750 Service Router (SR OS 9.0.R9)",96
61.146.209.241,,"Alcatel-Lucent 7750 Service Router (SR OS 9.0.R9)",96
61.146.211.45,,"Alcatel-Lucent 7750 Service Router (SR OS 9.0.R9)",96
61.146.212.94,,"Alcatel-Lucent 7750 Service Router (SR OS 9.0.R9)",96
61.146.212.194,,"Alcatel-Lucent 7750 Service Router (SR OS 9.0.R9)",96
61.146.213.97,,"Alcatel-Lucent 7750 Service Router (SR OS 9.0.R9)",96
61.146.214.65,,"Alcatel-Lucent 7750 Service Router (SR OS 9.0.R9)",96
61.146.214.97,,"Alcatel-Lucent 7750 Service Router (SR OS 9.0.R9)",96
61.146.214.105,,"Alcatel-Lucent 7750 Service Router (SR OS 9.0.R9)",96
61.146.228.17,,"Alcatel-Lucent 7750 Service Router (SR OS 9.0.R9)",96
61.146.233.17,,"Alcatel-Lucent 7750 Service Router (SR OS 9.0.R9)",96
61.146.233.73,,"Alcatel-Lucent 7750 Service Router (SR OS 9.0.R9)",96
61.146.235.129,,"Alcatel-Lucent 7750 Service Router (SR OS 9.0.R9)",96
61.146.235.217,,"Alcatel-Lucent 7750 Service Router (SR OS 9.0.R9)",96
61.146.236.33,,"Alcatel-Lucent 7750 Service Router (SR OS 9.0.R9)",96
61.146.236.209,,"Alcatel-Lucent 7750 Service Router (SR OS 9.0.R9)",96
61.146.237.17,,"Alcatel-Lucent 7750 Service Router (SR OS 9.0.R9)",96
61.146.237.49,,"Alcatel-Lucent 7750 Service Router (SR OS 9.0.R9)",96
61.146.237.205,,"Alcatel-Lucent 7750 Service Router (SR OS 9.0.R9)",95
61.147.0.6,,"Huawei S9300 switch",96
61.147.6.58,,"Huawei MA5200 router",95
61.147.100.237,,"Alcatel-Lucent 7750 Service Router (SR OS 9.0.R9)",99
61.148.0.21,,"Alcatel-Lucent 7750 Service Router (SR OS 9.0.R9)",96
61.152.190.213,,"Juniper Networks M10 or M320 router (JUNOS 7.4R3.4)",91
61.153.20.45,,"Alcatel-Lucent 7750 Service Router (SR OS 9.0.R9)",96
61.153.32.185,,"Alcatel-Lucent 7750 Service Router (SR OS 9.0.R9)",96
61.153.32.197,,"Alcatel-Lucent 7750 Service Router (SR OS 9.0.R9)",95
61.153.49.29,,"Alcatel-Lucent 7750 Service Router (SR OS 9.0.R9)",95
61.153.49.41,,"Alcatel-Lucent 7750 Service Router (SR OS 9.0.R9)",96
61.153.49.81,,"Alcatel-Lucent 7750 Service Router (SR OS 9.0.R9)",96
61.153.49.89,,"Alcatel-Lucent 7750 Service Router (SR OS 9.0.R9)",96
61.153.50.65,,"Alcatel-Lucent 7750 Service Router (SR OS 9.0.R9)",96
61.153.50.89,,"Alcatel-Lucent 7750 Service Router (SR OS 9.0.R9)",90
61.153.51.69,,"Alcatel-Lucent 7750 Service Router (SR OS 9.0.R9)",96
61.153.51.197,,"Alcatel-Lucent 7750 Service Router (SR OS 9.0.R9)",95
61.153.52.205,,"Alcatel-Lucent 7750 Service Router (SR OS 9.0.R9)",96
61.153.53.57,,"Alcatel-Lucent 7750 Service Router (SR OS 9.0.R9)",96
61.153.54.105,,"Alcatel-Lucent 7750 Service Router (SR OS 9.0.R9)",96
61.153.54.129,,"Alcatel-Lucent 7750 Service Router (SR OS 9.0.R9)",95
61.153.54.149,,"Alcatel-Lucent 7750 Service Router (SR OS 9.0.R9)",96
61.153.54.153,,"Alcatel-Lucent 7750 Service Router (SR OS 9.0.R9)",96
61.153.55.29,,"Alcatel-Lucent 7750 Service Router (SR OS 9.0.R9)",95
61.153.55.61,,"Alcatel-Lucent 7750 Service Router (SR OS 9.0.R9)",96
61.153.55.169,,"Alcatel-Lucent 7750 Service Router (SR OS 9.0.R9)",95
61.153.57.33,,"Alcatel-Lucent 7750 Service Router (SR OS 9.0.R9)",96
61.153.57.149,,"Alcatel-Lucent 7750 Service Router (SR OS 9.0.R9)",96
61.153.57.165,,"Alcatel-Lucent 7750 Service Router (SR OS 9.0.R9)",96
61.153.57.213,,"Alcatel-Lucent 7750 Service Router (SR OS 9.0.R9)",96
61.153.57.237,,"Alcatel-Lucent 7750 Service Router (SR OS 9.0.R9)",96
61.153.58.21,,"Alcatel-Lucent 7750 Service Router (SR OS 9.0.R9)",96
61.153.58.73,,"Alcatel-Lucent 7750 Service Router (SR OS 9.0.R9)",96
61.153.58.177,,"Alcatel-Lucent 7750 Service Router (SR OS 9.0.R9)",96
61.153.58.193,,"Alcatel-Lucent 7750 Service Router (SR OS 9.0.R9)",95
61.153.58.197,,"Alcatel-Lucent 7750 Service Router (SR OS 9.0.R9)",96
61.153.58.237,,"Alcatel-Lucent 7750 Service Router (SR OS 9.0.R9)",96
61.153.58.249,,"Alcatel-Lucent 7750 Service Router (SR OS 9.0.R9)",96
61.153.59.73,,"Alcatel-Lucent 7750 Service Router (SR OS 9.0.R9)",96
61.153.59.85,,"Alcatel-Lucent 7750 Service Router (SR OS 9.0.R9)",96
61.153.59.101,,"Alcatel-Lucent 7750 Service Router (SR OS 9.0.R9)",96
61.153.59.169,,"Alcatel-Lucent 7750 Service Router (SR OS 9.0.R9)",96
61.153.60.153,,"Alcatel-Lucent 7750 Service Router (SR OS 9.0.R9)",96
61.153.60.221,,"Alcatel-Lucent 7750 Service Router (SR OS 9.0.R9)",96
61.153.63.193,,"Alcatel-Lucent 7750 Service Router (SR OS 9.0.R9)",84
61.153.64.149,,"Alcatel-Lucent 7750 Service Router (SR OS 9.0.R9)",96
61.153.65.17,,"Alcatel-Lucent 7750 Service Router (SR OS 9.0.R9)",96
61.153.65.153,,"Alcatel-Lucent 7750 Service Router (SR OS 9.0.R9)",96
61.153.66.97,,"Alcatel-Lucent 7750 Service Router (SR OS 9.0.R9)",96
61.153.66.145,,"Alcatel-Lucent 7750 Service Router (SR OS 9.0.R9)",96
61.153.67.149,,"Alcatel-Lucent 7750 Service Router (SR OS 9.0.R9)",96
61.153.67.217,,"Alcatel-Lucent 7750 Service Router (SR OS 9.0.R9)",96
61.153.68.53,,"Alcatel-Lucent 7750 Service Router (SR OS 9.0.R9)",95
61.153.68.65,,"Alcatel-Lucent 7750 Service Router (SR OS 9.0.R9)",96
61.153.68.89,,"Alcatel-Lucent 7750 Service Router (SR OS 9.0.R9)",96
61.153.68.157,,"Alcatel-Lucent 7750 Service Router (SR OS 9.0.R9)",96
61.153.68.249,,"Alcatel-Lucent 7750 Service Router (SR OS 9.0.R9)",96
61.153.69.9,,"Alcatel-Lucent 7750 Service Router (SR OS 9.0.R9)",95
61.153.69.25,,"Alcatel-Lucent 7750 Service Router (SR OS 9.0.R9)",96
61.153.69.53,,"Alcatel-Lucent 7750 Service Router (SR OS 9.0.R9)",96
61.153.70.5,,"Alcatel-Lucent 7750 Service Router (SR OS 9.0.R9)",96
61.153.71.81,,"Alcatel-Lucent 7750 Service Router (SR OS 9.0.R9)",96
61.153.72.9,,"Alcatel-Lucent 7750 Service Router (SR OS 9.0.R9)",96
61.153.75.73,,"Alcatel-Lucent 7750 Service Router (SR OS 9.0.R9)",96
61.153.75.133,,"Alcatel-Lucent 7750 Service Router (SR OS 9.0.R9)",95
61.153.76.9,,"Alcatel-Lucent 7750 Service Router (SR OS 9.0.R9)",96
61.153.79.9,,"Alcatel-Lucent 7750 Service Router (SR OS 9.0.R9)",95
61.153.79.73,,"Alcatel-Lucent 7750 Service Router (SR OS 9.0.R9)",96
61.153.116.61,,"Alcatel-Lucent 7750 Service Router (SR OS 9.0.R9)",96
61.153.116.173,,"Juniper Networks J2320 or MX5-T router; or EX2200, EX3200, EX4200, or EX8200 switch (JUNOS 8.5 - 11.2)",95
61.153.118.173,,"Alcatel-Lucent 7750 Service Router (SR OS 9.0.R9)",96
61.153.139.89,89.139.153.61.dial.jx.zj.dynamic.163data.com.cn,"Alcatel-Lucent 7750 Service Router (SR OS 9.0.R9)",96
61.153.149.241,,"Alcatel-Lucent 7750 Service Router (SR OS 9.0.R9)",96
61.153.157.105,,"Alcatel-Lucent 7750 Service Router (SR OS 9.0.R9)",95
61.153.157.113,,"Alcatel-Lucent 7750 Service Router (SR OS 9.0.R9)",96
61.153.159.137,,"Alcatel-Lucent 7750 Service Router (SR OS 9.0.R9)",95
61.153.181.33,,"Alcatel-Lucent 7750 Service Router (SR OS 9.0.R9)",96
61.153.181.73,,"Alcatel-Lucent 7750 Service Router (SR OS 9.0.R9)",96
61.153.181.245,,"Alcatel-Lucent 7750 Service Router (SR OS 9.0.R9)",96
61.153.182.17,,"Alcatel-Lucent 7750 Service Router (SR OS 9.0.R9)",96
61.153.183.1,,"Alcatel-Lucent 7750 Service Router (SR OS 9.0.R9)",96
61.153.183.161,,"Alcatel-Lucent 7750 Service Router (SR OS 9.0.R9)",96
61.153.183.169,,"Alcatel-Lucent 7750 Service Router (SR OS 9.0.R9)",95
61.153.222.209,,"Alcatel-Lucent 7750 Service Router (SR OS 9.0.R9)",96
61.153.223.205,,"Alcatel-Lucent 7750 Service Router (SR OS 9.0.R9)",96
61.153.224.237,,"Alcatel-Lucent 7750 Service Router (SR OS 9.0.R9)",95
61.153.225.193,,"Alcatel-Lucent 7750 Service Router (SR OS 9.0.R9)",96
61.153.225.225,,"Alcatel-Lucent 7750 Service Router (SR OS 9.0.R9)",95
61.153.225.237,,"Alcatel-Lucent 7750 Service Router (SR OS 9.0.R9)",96
61.153.226.77,,"Alcatel-Lucent 7750 Service Router (SR OS 9.0.R9)",95
61.153.226.89,,"Alcatel-Lucent 7750 Service Router (SR OS 9.0.R9)",94
61.153.227.65,,"Alcatel-Lucent 7750 Service Router (SR OS 9.0.R9)",96
61.153.227.69,,"Alcatel-Lucent 7750 Service Router (SR OS 9.0.R9)",96
61.153.227.137,,"Alcatel-Lucent 7750 Service Router (SR OS 9.0.R9)",95
61.153.227.153,,"Alcatel-Lucent 7750 Service Router (SR OS 9.0.R9)",94
61.153.227.221,,"Alcatel-Lucent 7750 Service Router (SR OS 9.0.R9)",96
61.153.227.233,,"Alcatel-Lucent 7750 Service Router (SR OS 9.0.R9)",96
61.153.228.61,,"Alcatel-Lucent 7750 Service Router (SR OS 9.0.R9)",96
61.153.228.109,,"Alcatel-Lucent 7750 Service Router (SR OS 9.0.R9)",95
61.153.228.121,,"Alcatel-Lucent 7750 Service Router (SR OS 9.0.R9)",96
61.153.228.133,,"Alcatel-Lucent 7750 Service Router (SR OS 9.0.R9)",96
61.153.228.141,,"Alcatel-Lucent 7750 Service Router (SR OS 9.0.R9)",92
61.153.228.169,,"Alcatel-Lucent 7750 Service Router (SR OS 9.0.R9)",96
61.153.228.197,,"Alcatel-Lucent 7750 Service Router (SR OS 9.0.R9)",96
61.153.228.253,,"Alcatel-Lucent 7750 Service Router (SR OS 9.0.R9)",96
61.153.229.9,,"Alcatel-Lucent 7750 Service Router (SR OS 9.0.R9)",96
61.153.229.61,,"Alcatel-Lucent 7750 Service Router (SR OS 9.0.R9)",96
61.153.229.113,,"Alcatel-Lucent 7750 Service Router (SR OS 9.0.R9)",95
61.153.229.129,,"Alcatel-Lucent 7750 Service Router (SR OS 9.0.R9)",96
61.153.229.149,,"Alcatel-Lucent 7750 Service Router (SR OS 9.0.R9)",96
61.153.230.73,,"Alcatel-Lucent 7750 Service Router (SR OS 9.0.R9)",96
61.153.230.125,,"Alcatel-Lucent 7750 Service Router (SR OS 9.0.R9)",96
61.153.230.241,,"Alcatel-Lucent 7750 Service Router (SR OS 9.0.R9)",96
61.153.231.5,,"Alcatel-Lucent 7750 Service Router (SR OS 9.0.R9)",96
61.153.231.13,,"Alcatel-Lucent 7750 Service Router (SR OS 9.0.R9)",95
61.153.231.57,,"Alcatel-Lucent 7750 Service Router (SR OS 9.0.R9)",96
61.153.231.65,,"Alcatel-Lucent 7750 Service Router (SR OS 9.0.R9)",96
61.153.232.49,,"Alcatel-Lucent 7750 Service Router (SR OS 9.0.R9)",96
61.153.232.97,,"Alcatel-Lucent 7750 Service Router (SR OS 9.0.R9)",95
61.153.232.145,,"Alcatel-Lucent 7750 Service Router (SR OS 9.0.R9)",96
61.153.232.149,,"Alcatel-Lucent 7750 Service Router (SR OS 9.0.R9)",96
61.153.232.153,,"Alcatel-Lucent 7750 Service Router (SR OS 9.0.R9)",96
61.153.232.205,,"Alcatel-Lucent 7750 Service Router (SR OS 9.0.R9)",95
61.153.233.41,,"Alcatel-Lucent 7750 Service Router (SR OS 9.0.R9)",96
61.153.233.97,,"Alcatel-Lucent 7750 Service Router (SR OS 9.0.R9)",96
61.153.233.125,,"Alcatel-Lucent 7750 Service Router (SR OS 9.0.R9)",96
61.153.233.134,,"Alcatel-Lucent 7750 Service Router (SR OS 9.0.R9)",94
61.153.233.197,,"Alcatel-Lucent 7750 Service Router (SR OS 9.0.R9)",96
61.153.234.57,,"Alcatel-Lucent 7750 Service Router (SR OS 9.0.R9)",96
61.153.234.173,,"Alcatel-Lucent 7750 Service Router (SR OS 9.0.R9)",96
61.153.235.49,,"Alcatel-Lucent 7750 Service Router (SR OS 9.0.R9)",96
61.153.235.129,,"Alcatel-Lucent 7750 Service Router (SR OS 9.0.R9)",96
61.153.235.185,,"Alcatel-Lucent 7750 Service Router (SR OS 9.0.R9)",94
61.153.235.249,,"Alcatel-Lucent 7750 Service Router (SR OS 9.0.R9)",96
61.153.236.61,,"Alcatel-Lucent 7750 Service Router (SR OS 9.0.R9)",96
61.153.236.73,,"Alcatel-Lucent 7750 Service Router (SR OS 9.0.R9)",96
61.153.236.97,,"Alcatel-Lucent 7750 Service Router (SR OS 9.0.R9)",96
61.153.236.117,,"Alcatel-Lucent 7750 Service Router (SR OS 9.0.R9)",95
61.153.236.161,,"Alcatel-Lucent 7750 Service Router (SR OS 9.0.R9)",96
61.153.236.181,,"Alcatel-Lucent 7750 Service Router (SR OS 9.0.R9)",96
61.153.237.73,,"Alcatel-Lucent 7750 Service Router (SR OS 9.0.R9)",96
61.153.237.161,,"Alcatel-Lucent 7750 Service Router (SR OS 9.0.R9)",96
61.153.238.101,,"Alcatel-Lucent 7750 Service Router (SR OS 9.0.R9)",96
61.153.238.137,,"Alcatel-Lucent 7750 Service Router (SR OS 9.0.R9)",95
61.153.238.161,,"Alcatel-Lucent 7750 Service Router (SR OS 9.0.R9)",96
61.153.239.61,,"Alcatel-Lucent 7750 Service Router (SR OS 9.0.R9)",95
61.153.239.121,,"Alcatel-Lucent 7750 Service Router (SR OS 9.0.R9)",96
61.153.240.73,,"Alcatel-Lucent 7750 Service Router (SR OS 9.0.R9)",96
61.153.241.25,,"Alcatel-Lucent 7750 Service Router (SR OS 9.0.R9)",96
61.153.241.86,,"Alcatel-Lucent 7750 Service Router (SR OS 9.0.R9)",95
61.153.241.153,,"Alcatel-Lucent 7750 Service Router (SR OS 9.0.R9)",95
61.153.241.193,,"Alcatel-Lucent 7750 Service Router (SR OS 9.0.R9)",96
61.153.242.126,,"Alcatel-Lucent 7750 Service Router (SR OS 9.0.R9)",96
61.153.242.149,,"Alcatel-Lucent 7750 Service Router (SR OS 9.0.R9)",96
61.153.243.102,,"Alcatel-Lucent 7750 Service Router (SR OS 9.0.R9)",95
61.153.244.46,,"Alcatel-Lucent 7750 Service Router (SR OS 9.0.R9)",96
61.153.244.213,,"Alcatel-Lucent 7750 Service Router (SR OS 9.0.R9)",96
61.153.245.9,,"Alcatel-Lucent 7750 Service Router (SR OS 9.0.R9)",96
61.153.245.201,,"Alcatel-Lucent 7750 Service Router (SR OS 9.0.R9)",96
61.153.246.41,,"Alcatel-Lucent 7750 Service Router (SR OS 9.0.R9)",96
61.153.246.137,,"Alcatel-Lucent 7750 Service Router (SR OS 9.0.R9)",96
61.153.247.53,,"Alcatel-Lucent 7750 Service Router (SR OS 9.0.R9)",96
61.153.247.134,,"Alcatel-Lucent 7750 Service Router (SR OS 9.0.R9)",96
61.153.248.9,,"Alcatel-Lucent 7750 Service Router (SR OS 9.0.R9)",96
61.153.248.61,,"Alcatel-Lucent 7750 Service Router (SR OS 9.0.R9)",95
61.153.248.65,,"Alcatel-Lucent 7750 Service Router (SR OS 9.0.R9)",95
61.153.248.253,,"Alcatel-Lucent 7750 Service Router (SR OS 9.0.R9)",96
61.153.249.89,,"Alcatel-Lucent 7750 Service Router (SR OS 9.0.R9)",95
61.153.251.33,,"Alcatel-Lucent 7750 Service Router (SR OS 9.0.R9)",96
61.153.251.77,,"Alcatel-Lucent 7750 Service Router (SR OS 9.0.R9)",96
61.153.253.13,,"Alcatel-Lucent 7750 Service Router (SR OS 9.0.R9)",96
61.153.253.33,,"Alcatel-Lucent 7750 Service Router (SR OS 9.0.R9)",96
61.153.253.137,,"Alcatel-Lucent 7750 Service Router (SR OS 9.0.R9)",95
61.153.253.245,,"Alcatel-Lucent 7750 Service Router (SR OS 9.0.R9)",96
61.153.255.157,,"Alcatel-Lucent 7750 Service Router (SR OS 9.0.R9)",96
61.153.255.189,,"Alcatel-Lucent 7750 Service Router (SR OS 9.0.R9)",96
61.154.32.212,212.32.154.61.broad.fz.fj.dynamic.163data.com.cn,"MikroTik RouterOS 3.30",97
61.154.137.82,,"Juniper JUNOS 10.4R6.5",98
61.154.137.138,,"Juniper JUNOS 10.4R6.5",98
61.154.137.202,,"Juniper JUNOS 10.4R6.5",98
61.154.140.70,,"Juniper JUNOS 10.4R6.5",98
61.154.140.78,,"Juniper JUNOS 10.4R6.5",98
61.154.140.134,,"Juniper JUNOS 10.4R6.5",97
61.154.140.146,,"Juniper JUNOS 10.4R6.5",98
61.154.199.66,,"Linux 2.4.18 - 2.4.35 (likely embedded)",96
61.155.3.73,,"Alcatel-Lucent 7750 Service Router (SR OS 9.0.R9)",96
61.155.13.167,mail.ktk.cc,"Samsung CLX-3160FN printer",85
61.155.57.41,,"Alcatel-Lucent 7750 Service Router (SR OS 9.0.R9)",96
61.155.57.173,,"Alcatel-Lucent 7750 Service Router (SR OS 9.0.R9)",95
61.155.62.233,,"Alcatel-Lucent 7750 Service Router (SR OS 9.0.R9)",96
61.155.63.41,,"Alcatel-Lucent 7750 Service Router (SR OS 9.0.R9)",96
61.155.64.85,,"Alcatel-Lucent 7750 Service Router (SR OS 9.0.R9)",96
61.155.64.89,,"Alcatel-Lucent 7750 Service Router (SR OS 9.0.R9)",96
61.155.65.173,,"Alcatel-Lucent 7750 Service Router (SR OS 9.0.R9)",96
61.155.65.177,,"Alcatel-Lucent 7750 Service Router (SR OS 9.0.R9)",96
61.155.65.205,,"Alcatel-Lucent 7750 Service Router (SR OS 9.0.R9)",96
61.155.65.241,,"Alcatel-Lucent 7750 Service Router (SR OS 9.0.R9)",95
61.155.105.65,,"Alcatel-Lucent 7750 Service Router (SR OS 9.0.R9)",96
61.155.116.13,,"Alcatel-Lucent 7750 Service Router (SR OS 9.0.R9)",96
61.155.116.16,,"Alcatel-Lucent 7750 Service Router (SR OS 9.0.R9)",96
61.157.151.70,,"Alcatel-Lucent 7750 Service Router (SR OS 9.0.R9)",96
61.157.189.6,,"OpenWrt White Russian 0.9 (Linux 2.4.30)",96
61.157.190.174,,"Avaya G700 Telephony Media Gateway or Sun Advanced Lights Out Maganer 1.5.2 (VxWorks)",98
61.159.237.15,15.237.159.61.other.km.yn.dynamic.163data.com.cn,"Linksys RV042 router",94
61.160.28.156,,"Extreme Networks x250e or x350 switch (ExtremeXOS 12.0.1 - 12.0.3)",99
61.160.45.201,,"Alcatel-Lucent 7750 Service Router (SR OS 9.0.R9)",96
61.160.74.213,,"Alcatel-Lucent 7750 Service Router (SR OS 9.0.R9)",96
61.160.80.209,,"Alcatel-Lucent 7750 Service Router (SR OS 9.0.R9)",99
61.160.88.137,,"Alcatel-Lucent 7750 Service Router (SR OS 9.0.R9)",95
61.160.98.129,,"Alcatel-Lucent 7750 Service Router (SR OS 9.0.R9)",96
61.160.99.121,,"Alcatel-Lucent 7750 Service Router (SR OS 9.0.R9)",96
61.160.120.37,,"Alcatel-Lucent 7750 Service Router (SR OS 9.0.R9)",95
61.160.166.73,,"Comtrend CT536 wireless ADSL router",95
61.163.137.169,hn.ly.kd.adsl,"Linksys RV042 router",97
61.164.67.201,,"Alcatel-Lucent 7750 Service Router (SR OS 9.0.R9)",96
61.164.69.81,,"Alcatel-Lucent 7750 Service Router (SR OS 9.0.R9)",96
61.164.75.45,,"Alcatel-Lucent 7750 Service Router (SR OS 9.0.R9)",95
61.164.81.133,,"Alcatel-Lucent 7750 Service Router (SR OS 9.0.R9)",95
61.164.81.193,,"Alcatel-Lucent 7750 Service Router (SR OS 9.0.R9)",96
61.164.163.77,77.163.164.61.dial.wz.zj.dynamic.163data.com.cn,"Alcatel-Lucent 7750 Service Router (SR OS 9.0.R9)",95
61.164.163.137,137.163.164.61.dial.wz.zj.dynamic.163data.com.cn,"Alcatel-Lucent 7750 Service Router (SR OS 9.0.R9)",96
61.164.163.193,193.163.164.61.dial.wz.zj.dynamic.163data.com.cn,"Alcatel-Lucent 7750 Service Router (SR OS 9.0.R9)",96
61.164.167.197,197.167.164.61.dial.wz.zj.dynamic.163data.com.cn,"Alcatel-Lucent 7750 Service Router (SR OS 9.0.R9)",96
61.164.167.205,205.167.164.61.dial.wz.zj.dynamic.163data.com.cn,"Alcatel-Lucent 7750 Service Router (SR OS 9.0.R9)",96
61.164.167.241,241.167.164.61.dial.wz.zj.dynamic.163data.com.cn,"Alcatel-Lucent 7750 Service Router (SR OS 9.0.R9)",96
61.164.170.169,169.170.164.61.dial.wz.zj.dynamic.163data.com.cn,"Alcatel-Lucent 7750 Service Router (SR OS 9.0.R9)",95
61.164.171.113,113.171.164.61.dial.wz.zj.dynamic.163data.com.cn,"Alcatel-Lucent 7750 Service Router (SR OS 9.0.R9)",96
61.164.172.9,9.172.164.61.dial.wz.zj.dynamic.163data.com.cn,"Alcatel-Lucent 7750 Service Router (SR OS 9.0.R9)",96
61.164.172.45,45.172.164.61.dial.wz.zj.dynamic.163data.com.cn,"Alcatel-Lucent 7750 Service Router (SR OS 9.0.R9)",95
61.164.172.117,117.172.164.61.dial.wz.zj.dynamic.163data.com.cn,"Alcatel-Lucent 7750 Service Router (SR OS 9.0.R9)",96
61.164.172.149,149.172.164.61.dial.wz.zj.dynamic.163data.com.cn,"Alcatel-Lucent 7750 Service Router (SR OS 9.0.R9)",96
61.164.175.49,49.175.164.61.dial.wz.zj.dynamic.163data.com.cn,"Alcatel-Lucent 7750 Service Router (SR OS 9.0.R9)",95
61.164.175.65,65.175.164.61.dial.wz.zj.dynamic.163data.com.cn,"Alcatel-Lucent 7750 Service Router (SR OS 9.0.R9)",95
61.164.175.77,77.175.164.61.dial.wz.zj.dynamic.163data.com.cn,"Alcatel-Lucent 7750 Service Router (SR OS 9.0.R9)",96
61.164.175.97,97.175.164.61.dial.wz.zj.dynamic.163data.com.cn,"Alcatel-Lucent 7750 Service Router (SR OS 9.0.R9)",96
61.164.175.133,133.175.164.61.dial.wz.zj.dynamic.163data.com.cn,"Alcatel-Lucent 7750 Service Router (SR OS 9.0.R9)",96
61.164.175.181,181.175.164.61.dial.wz.zj.dynamic.163data.com.cn,"Alcatel-Lucent 7750 Service Router (SR OS 9.0.R9)",95
61.164.178.1,,"Alcatel-Lucent 7750 Service Router (SR OS 9.0.R9)",96
61.164.178.9,,"Alcatel-Lucent 7750 Service Router (SR OS 9.0.R9)",96
61.164.178.37,,"Alcatel-Lucent 7750 Service Router (SR OS 9.0.R9)",96
61.164.178.65,,"Alcatel-Lucent 7750 Service Router (SR OS 9.0.R9)",96
61.164.178.81,,"Alcatel-Lucent 7750 Service Router (SR OS 9.0.R9)",96
61.164.178.89,,"Alcatel-Lucent 7750 Service Router (SR OS 9.0.R9)",96
61.164.178.105,,"Alcatel-Lucent 7750 Service Router (SR OS 9.0.R9)",96
61.164.179.9,,"Alcatel-Lucent 7750 Service Router (SR OS 9.0.R9)",96
61.164.179.13,,"Alcatel-Lucent 7750 Service Router (SR OS 9.0.R9)",96
61.164.179.37,,"Alcatel-Lucent 7750 Service Router (SR OS 9.0.R9)",96
61.164.179.49,,"Alcatel-Lucent 7750 Service Router (SR OS 9.0.R9)",96
61.164.179.93,,"Alcatel-Lucent 7750 Service Router (SR OS 9.0.R9)",95
61.164.179.157,,"Alcatel-Lucent 7750 Service Router (SR OS 9.0.R9)",94
61.164.179.225,,"Alcatel-Lucent 7750 Service Router (SR OS 9.0.R9)",95
61.164.180.81,,"Alcatel-Lucent 7750 Service Router (SR OS 9.0.R9)",96
61.164.180.241,,"Alcatel-Lucent 7750 Service Router (SR OS 9.0.R9)",95
61.164.181.41,,"Alcatel-Lucent 7750 Service Router (SR OS 9.0.R9)",95
61.164.188.53,,"Alcatel-Lucent 7750 Service Router (SR OS 9.0.R9)",96
61.164.188.113,,"Alcatel-Lucent 7750 Service Router (SR OS 9.0.R9)",96
61.164.188.245,,"Alcatel-Lucent 7750 Service Router (SR OS 9.0.R9)",96
61.164.189.137,,"Alcatel-Lucent 7750 Service Router (SR OS 9.0.R9)",96
61.164.189.149,,"Alcatel-Lucent 7750 Service Router (SR OS 9.0.R9)",95
61.164.189.189,,"Alcatel-Lucent 7750 Service Router (SR OS 9.0.R9)",96
61.164.189.253,,"Alcatel-Lucent 7750 Service Router (SR OS 9.0.R9)",96
61.164.190.57,,"Alcatel-Lucent 7750 Service Router (SR OS 9.0.R9)",96
61.164.190.241,,"Alcatel-Lucent 7750 Service Router (SR OS 9.0.R9)",96
61.164.190.245,,"Alcatel-Lucent 7750 Service Router (SR OS 9.0.R9)",96
61.164.191.117,,"Alcatel-Lucent 7750 Service Router (SR OS 9.0.R9)",96
61.164.191.241,,"Alcatel-Lucent 7750 Service Router (SR OS 9.0.R9)",96
61.164.200.17,,"Alcatel-Lucent 7750 Service Router (SR OS 9.0.R9)",96
61.164.200.53,,"Alcatel-Lucent 7750 Service Router (SR OS 9.0.R9)",96
61.164.202.161,,"Alcatel-Lucent 7750 Service Router (SR OS 9.0.R9)",95
61.164.204.25,,"Alcatel-Lucent 7750 Service Router (SR OS 9.0.R9)",95
61.164.204.33,,"Alcatel-Lucent 7750 Service Router (SR OS 9.0.R9)",96
61.164.204.73,,"Alcatel-Lucent 7750 Service Router (SR OS 9.0.R9)",96
61.164.205.73,,"Alcatel-Lucent 7750 Service Router (SR OS 9.0.R9)",96
61.164.205.165,,"Alcatel-Lucent 7750 Service Router (SR OS 9.0.R9)",94
61.164.208.17,17.208.164.61.dial.wz.zj.dynamic.163data.com.cn,"Alcatel-Lucent 7750 Service Router (SR OS 9.0.R9)",96
61.164.208.25,25.208.164.61.dial.wz.zj.dynamic.163data.com.cn,"Alcatel-Lucent 7750 Service Router (SR OS 9.0.R9)",96
61.165.248.222,222.248.165.61.dial.xw.sh.dynamic.163data.com.cn,"Linux 2.4.33 (embedded)",99
61.166.48.50,50.48.166.61.dial.nj.yn.dynamic.163data.com.cn,"H3C E126A or S3100-8T-SI switch (Comware 3.10)",96
61.171.9.232,232.9.171.61.broad.xw.sh.dynamic.163data.com.cn,"Linux 2.4.33 (embedded)",96
61.173.215.98,98.215.173.61.broad.xw.sh.dynamic.163data.com.cn,"Linux 2.4.33 (embedded)",94
61.174.19.217,,"Alcatel-Lucent 7750 Service Router (SR OS 9.0.R9)",96
61.174.24.81,,"Alcatel-Lucent 7750 Service Router (SR OS 9.0.R9)",95
61.174.24.129,,"Alcatel-Lucent 7750 Service Router (SR OS 9.0.R9)",96
61.174.27.61,,"Alcatel-Lucent 7750 Service Router (SR OS 9.0.R9)",96
61.174.27.125,,"Alcatel-Lucent 7750 Service Router (SR OS 9.0.R9)",96
61.174.28.241,,"Alcatel-Lucent 7750 Service Router (SR OS 9.0.R9)",96
61.174.29.253,,"Alcatel-Lucent 7750 Service Router (SR OS 9.0.R9)",96
61.174.80.161,,"Alcatel-Lucent 7750 Service Router (SR OS 9.0.R9)",95
61.174.84.73,,"Alcatel-Lucent 7750 Service Router (SR OS 9.0.R9)",96
61.174.84.113,,"Alcatel-Lucent 7750 Service Router (SR OS 9.0.R9)",96
61.174.84.142,,"Alcatel-Lucent 7750 Service Router (SR OS 9.0.R9)",96
61.174.84.233,,"Alcatel-Lucent 7750 Service Router (SR OS 9.0.R9)",95
61.174.91.177,,"Alcatel-Lucent 7750 Service Router (SR OS 9.0.R9)",96
61.174.94.121,,"Alcatel-Lucent 7750 Service Router (SR OS 9.0.R9)",95
61.174.183.138,,"Huawei Quidway S5600 switch",82
61.174.191.135,,"Juniper JUNOS 10.4R6.5",99
61.174.194.49,49.194.174.61.broad.jh.zj.dynamic.163data.com.cn,"Alcatel-Lucent 7750 Service Router (SR OS 9.0.R9)",96
61.174.194.145,145.194.174.61.broad.jh.zj.dynamic.163data.com.cn,"Alcatel-Lucent 7750 Service Router (SR OS 9.0.R9)",96
61.174.194.245,245.194.174.61.broad.jh.zj.dynamic.163data.com.cn,"Alcatel-Lucent 7750 Service Router (SR OS 9.0.R9)",96
61.174.195.81,81.195.174.61.broad.jh.zj.dynamic.163data.com.cn,"Alcatel-Lucent 7750 Service Router (SR OS 9.0.R9)",96
61.174.195.173,173.195.174.61.broad.jh.zj.dynamic.163data.com.cn,"Alcatel-Lucent 7750 Service Router (SR OS 9.0.R9)",96
61.174.195.185,185.195.174.61.broad.jh.zj.dynamic.163data.com.cn,"Alcatel-Lucent 7750 Service Router (SR OS 9.0.R9)",96
61.174.195.249,249.195.174.61.broad.jh.zj.dynamic.163data.com.cn,"Alcatel-Lucent 7750 Service Router (SR OS 9.0.R9)",96
61.174.197.57,57.197.174.61.broad.jh.zj.dynamic.163data.com.cn,"Alcatel-Lucent 7750 Service Router (SR OS 9.0.R9)",95
61.174.197.193,193.197.174.61.broad.jh.zj.dynamic.163data.com.cn,"Alcatel-Lucent 7750 Service Router (SR OS 9.0.R9)",96
61.174.198.69,69.198.174.61.broad.jh.zj.dynamic.163data.com.cn,"Alcatel-Lucent 7750 Service Router (SR OS 9.0.R9)",95
61.174.198.125,125.198.174.61.broad.jh.zj.dynamic.163data.com.cn,"Alcatel-Lucent 7750 Service Router (SR OS 9.0.R9)",96
61.174.198.157,157.198.174.61.broad.jh.zj.dynamic.163data.com.cn,"Alcatel-Lucent 7750 Service Router (SR OS 9.0.R9)",96
61.174.199.49,49.199.174.61.broad.jh.zj.dynamic.163data.com.cn,"Alcatel-Lucent 7750 Service Router (SR OS 9.0.R9)",96
61.174.199.81,81.199.174.61.broad.jh.zj.dynamic.163data.com.cn,"Alcatel-Lucent 7750 Service Router (SR OS 9.0.R9)",95
61.174.200.130,130.200.174.61.broad.jh.zj.dynamic.163data.com.cn,"Alcatel-Lucent 7750 Service Router (SR OS 9.0.R9)",96
61.174.203.67,67.203.174.61.broad.jh.zj.dynamic.163data.com.cn,"Alcatel-Lucent 7750 Service Router (SR OS 9.0.R9)",96
61.174.207.2,2.207.174.61.broad.jh.zj.dynamic.163data.com.cn,"Alcatel-Lucent 7750 Service Router (SR OS 9.0.R9)",96
61.175.0.20,20.0.175.61.dial.nb.zj.dynamic.163data.com.cn,"Alcatel-Lucent 7750 Service Router (SR OS 9.0.R9)",96
61.175.0.30,30.0.175.61.dial.nb.zj.dynamic.163data.com.cn,"Alcatel-Lucent 7750 Service Router (SR OS 9.0.R9)",96
61.175.0.35,35.0.175.61.dial.nb.zj.dynamic.163data.com.cn,"Juniper Networks J2320 or MX5-T router; or EX2200, EX3200, EX4200, or EX8200 switch (JUNOS 8.5 - 11.2)",95
61.175.0.47,47.0.175.61.dial.nb.zj.dynamic.163data.com.cn,"Alcatel-Lucent 7750 Service Router (SR OS 9.0.R9)",95
61.175.0.66,66.0.175.61.dial.nb.zj.dynamic.163data.com.cn,"Alcatel-Lucent 7750 Service Router (SR OS 9.0.R9)",96
61.175.0.136,136.0.175.61.dial.nb.zj.dynamic.163data.com.cn,"Juniper Networks ERX-700 router",95
61.175.1.1,1.1.175.61.dial.nb.zj.dynamic.163data.com.cn,"Alcatel-Lucent 7750 Service Router (SR OS 9.0.R9)",96
61.175.1.2,2.1.175.61.dial.nb.zj.dynamic.163data.com.cn,"Alcatel-Lucent 7750 Service Router (SR OS 9.0.R9)",96
61.175.1.4,4.1.175.61.dial.nb.zj.dynamic.163data.com.cn,"Alcatel-Lucent 7750 Service Router (SR OS 9.0.R9)",96
61.175.2.14,14.2.175.61.dial.nb.zj.dynamic.163data.com.cn,"Alcatel-Lucent 7750 Service Router (SR OS 9.0.R9)",96
61.175.2.26,26.2.175.61.dial.nb.zj.dynamic.163data.com.cn,"Alcatel-Lucent 7750 Service Router (SR OS 9.0.R9)",96
61.175.2.34,34.2.175.61.dial.nb.zj.dynamic.163data.com.cn,"Alcatel-Lucent 7750 Service Router (SR OS 9.0.R9)",96
61.175.2.141,141.2.175.61.dial.nb.zj.dynamic.163data.com.cn,"Alcatel-Lucent 7750 Service Router (SR OS 9.0.R9)",96
61.175.2.205,205.2.175.61.dial.nb.zj.dynamic.163data.com.cn,"Alcatel-Lucent 7750 Service Router (SR OS 9.0.R9)",96
61.175.3.221,221.3.175.61.dial.nb.zj.dynamic.163data.com.cn,"Alcatel-Lucent 7750 Service Router (SR OS 9.0.R9)",96
61.175.6.178,178.6.175.61.dial.nb.zj.dynamic.163data.com.cn,"H3C E126A or S3100-8T-SI switch (Comware 3.10)",95
61.175.12.9,9.12.175.61.dial.nb.zj.dynamic.163data.com.cn,"Alcatel-Lucent 7750 Service Router (SR OS 9.0.R9)",96
61.175.12.69,69.12.175.61.dial.nb.zj.dynamic.163data.com.cn,"Alcatel-Lucent 7750 Service Router (SR OS 9.0.R9)",96
61.175.12.77,77.12.175.61.dial.nb.zj.dynamic.163data.com.cn,"Alcatel-Lucent 7750 Service Router (SR OS 9.0.R9)",96
61.175.12.81,81.12.175.61.dial.nb.zj.dynamic.163data.com.cn,"Alcatel-Lucent 7750 Service Router (SR OS 9.0.R9)",96
61.175.14.33,33.14.175.61.dial.nb.zj.dynamic.163data.com.cn,"Alcatel-Lucent 7750 Service Router (SR OS 9.0.R9)",96
61.175.15.9,9.15.175.61.dial.nb.zj.dynamic.163data.com.cn,"Alcatel-Lucent 7750 Service Router (SR OS 9.0.R9)",95
61.175.15.229,229.15.175.61.dial.nb.zj.dynamic.163data.com.cn,"Alcatel-Lucent 7750 Service Router (SR OS 9.0.R9)",96
61.175.16.137,137.16.175.61.dial.nb.zj.dynamic.163data.com.cn,"Alcatel-Lucent 7750 Service Router (SR OS 9.0.R9)",96
61.175.20.25,25.20.175.61.dial.nb.zj.dynamic.163data.com.cn,"Alcatel-Lucent 7750 Service Router (SR OS 9.0.R9)",96
61.175.20.205,205.20.175.61.dial.nb.zj.dynamic.163data.com.cn,"Alcatel-Lucent 7750 Service Router (SR OS 9.0.R9)",96
61.175.20.213,213.20.175.61.dial.nb.zj.dynamic.163data.com.cn,"Alcatel-Lucent 7750 Service Router (SR OS 9.0.R9)",96
61.175.21.49,49.21.175.61.dial.nb.zj.dynamic.163data.com.cn,"Alcatel-Lucent 7750 Service Router (SR OS 9.0.R9)",96
61.175.21.61,61.21.175.61.dial.nb.zj.dynamic.163data.com.cn,"Alcatel-Lucent 7750 Service Router (SR OS 9.0.R9)",96
61.175.21.125,125.21.175.61.dial.nb.zj.dynamic.163data.com.cn,"Alcatel-Lucent 7750 Service Router (SR OS 9.0.R9)",96
61.175.21.177,177.21.175.61.dial.nb.zj.dynamic.163data.com.cn,"Alcatel-Lucent 7750 Service Router (SR OS 9.0.R9)",96
61.175.21.221,221.21.175.61.dial.nb.zj.dynamic.163data.com.cn,"Alcatel-Lucent 7750 Service Router (SR OS 9.0.R9)",96
61.175.24.65,65.24.175.61.dial.nb.zj.dynamic.163data.com.cn,"Alcatel-Lucent 7750 Service Router (SR OS 9.0.R9)",96
61.175.24.137,137.24.175.61.dial.nb.zj.dynamic.163data.com.cn,"Alcatel-Lucent 7750 Service Router (SR OS 9.0.R9)",96
61.175.24.185,185.24.175.61.dial.nb.zj.dynamic.163data.com.cn,"Alcatel-Lucent 7750 Service Router (SR OS 9.0.R9)",96
61.175.24.229,229.24.175.61.dial.nb.zj.dynamic.163data.com.cn,"Alcatel-Lucent 7750 Service Router (SR OS 9.0.R9)",96
61.175.24.253,253.24.175.61.dial.nb.zj.dynamic.163data.com.cn,"Alcatel-Lucent 7750 Service Router (SR OS 9.0.R9)",96
61.175.26.53,53.26.175.61.dial.nb.zj.dynamic.163data.com.cn,"Alcatel-Lucent 7750 Service Router (SR OS 9.0.R9)",95
61.175.26.73,73.26.175.61.dial.nb.zj.dynamic.163data.com.cn,"Alcatel-Lucent 7750 Service Router (SR OS 9.0.R9)",95
61.175.26.105,105.26.175.61.dial.nb.zj.dynamic.163data.com.cn,"Alcatel-Lucent 7750 Service Router (SR OS 9.0.R9)",96
61.175.26.181,181.26.175.61.dial.nb.zj.dynamic.163data.com.cn,"Alcatel-Lucent 7750 Service Router (SR OS 9.0.R9)",96
61.175.26.253,253.26.175.61.dial.nb.zj.dynamic.163data.com.cn,"Alcatel-Lucent 7750 Service Router (SR OS 9.0.R9)",96
61.175.28.1,1.28.175.61.dial.nb.zj.dynamic.163data.com.cn,"Alcatel-Lucent 7750 Service Router (SR OS 9.0.R9)",96
61.175.28.137,137.28.175.61.dial.nb.zj.dynamic.163data.com.cn,"Alcatel-Lucent 7750 Service Router (SR OS 9.0.R9)",96
61.175.28.241,241.28.175.61.dial.nb.zj.dynamic.163data.com.cn,"Alcatel-Lucent 7750 Service Router (SR OS 9.0.R9)",96
61.175.28.249,249.28.175.61.dial.nb.zj.dynamic.163data.com.cn,"Alcatel-Lucent 7750 Service Router (SR OS 9.0.R9)",96
61.175.31.117,117.31.175.61.dial.nb.zj.dynamic.163data.com.cn,"Alcatel-Lucent 7750 Service Router (SR OS 9.0.R9)",96
61.175.35.2,,"Alcatel-Lucent 7750 Service Router (SR OS 9.0.R9)",96
61.175.46.1,,"Alcatel-Lucent 7750 Service Router (SR OS 9.0.R9)",95
61.175.62.2,,"Alcatel-Lucent 7750 Service Router (SR OS 9.0.R9)",96
61.175.78.96,,"Juniper Networks ERX-700 router",95
61.175.186.13,13.186.175.61.dial.wz.zj.dynamic.163data.com.cn,"Alcatel-Lucent 7750 Service Router (SR OS 9.0.R9)",95
61.175.186.45,45.186.175.61.dial.wz.zj.dynamic.163data.com.cn,"Alcatel-Lucent 7750 Service Router (SR OS 9.0.R9)",96
61.175.186.49,49.186.175.61.dial.wz.zj.dynamic.163data.com.cn,"Alcatel-Lucent 7750 Service Router (SR OS 9.0.R9)",96
61.175.186.85,85.186.175.61.dial.wz.zj.dynamic.163data.com.cn,"Alcatel-Lucent 7750 Service Router (SR OS 9.0.R9)",95
61.175.186.181,181.186.175.61.dial.wz.zj.dynamic.163data.com.cn,"Alcatel-Lucent 7750 Service Router (SR OS 9.0.R9)",95
61.175.186.233,233.186.175.61.dial.wz.zj.dynamic.163data.com.cn,"Alcatel-Lucent 7750 Service Router (SR OS 9.0.R9)",95
61.175.186.241,241.186.175.61.dial.wz.zj.dynamic.163data.com.cn,"Alcatel-Lucent 7750 Service Router (SR OS 9.0.R9)",95
61.175.186.253,253.186.175.61.dial.wz.zj.dynamic.163data.com.cn,"Alcatel-Lucent 7750 Service Router (SR OS 9.0.R9)",95
61.175.187.9,9.187.175.61.dial.wz.zj.dynamic.163data.com.cn,"Alcatel-Lucent 7750 Service Router (SR OS 9.0.R9)",96
61.175.187.17,17.187.175.61.dial.wz.zj.dynamic.163data.com.cn,"Alcatel-Lucent 7750 Service Router (SR OS 9.0.R9)",96
61.175.187.153,153.187.175.61.dial.wz.zj.dynamic.163data.com.cn,"Alcatel-Lucent 7750 Service Router (SR OS 9.0.R9)",96
61.175.187.177,177.187.175.61.dial.wz.zj.dynamic.163data.com.cn,"Alcatel-Lucent 7750 Service Router (SR OS 9.0.R9)",95
61.175.188.25,25.188.175.61.dial.wz.zj.dynamic.163data.com.cn,"Alcatel-Lucent 7750 Service Router (SR OS 9.0.R9)",96
61.175.188.165,165.188.175.61.dial.wz.zj.dynamic.163data.com.cn,"Alcatel-Lucent 7750 Service Router (SR OS 9.0.R9)",96
61.175.188.177,177.188.175.61.dial.wz.zj.dynamic.163data.com.cn,"Alcatel-Lucent 7750 Service Router (SR OS 9.0.R9)",96
61.175.188.253,253.188.175.61.dial.wz.zj.dynamic.163data.com.cn,"Alcatel-Lucent 7750 Service Router (SR OS 9.0.R9)",96
61.175.190.13,13.190.175.61.dial.wz.zj.dynamic.163data.com.cn,"Alcatel-Lucent 7750 Service Router (SR OS 9.0.R9)",95
61.175.190.149,149.190.175.61.dial.wz.zj.dynamic.163data.com.cn,"Alcatel-Lucent 7750 Service Router (SR OS 9.0.R9)",95
61.175.190.249,249.190.175.61.dial.wz.zj.dynamic.163data.com.cn,"Alcatel-Lucent 7750 Service Router (SR OS 9.0.R9)",96
61.175.190.253,253.190.175.61.dial.wz.zj.dynamic.163data.com.cn,"Alcatel-Lucent 7750 Service Router (SR OS 9.0.R9)",96
61.175.191.5,5.191.175.61.dial.wz.zj.dynamic.163data.com.cn,"Alcatel-Lucent 7750 Service Router (SR OS 9.0.R9)",95
61.175.191.201,201.191.175.61.dial.wz.zj.dynamic.163data.com.cn,"Alcatel-Lucent 7750 Service Router (SR OS 9.0.R9)",96
61.175.191.205,205.191.175.61.dial.wz.zj.dynamic.163data.com.cn,"Alcatel-Lucent 7750 Service Router (SR OS 9.0.R9)",96
61.175.191.237,237.191.175.61.dial.wz.zj.dynamic.163data.com.cn,"Alcatel-Lucent 7750 Service Router (SR OS 9.0.R9)",96
61.175.203.61,,"Alcatel-Lucent 7750 Service Router (SR OS 9.0.R9)",95
61.175.205.25,,"Alcatel-Lucent 7750 Service Router (SR OS 9.0.R9)",96
61.175.205.37,,"Alcatel-Lucent 7750 Service Router (SR OS 9.0.R9)",96
61.175.205.45,,"Alcatel-Lucent 7750 Service Router (SR OS 9.0.R9)",96
61.175.225.89,,"Alcatel-Lucent 7750 Service Router (SR OS 9.0.R9)",96
61.175.225.197,,"Alcatel-Lucent 7750 Service Router (SR OS 9.0.R9)",96
61.175.226.77,,"Alcatel-Lucent 7750 Service Router (SR OS 9.0.R9)",96
61.175.229.153,,"Alcatel-Lucent 7750 Service Router (SR OS 9.0.R9)",95
61.175.229.157,,"Alcatel-Lucent 7750 Service Router (SR OS 9.0.R9)",96
61.175.232.237,,"Alcatel-Lucent 7750 Service Router (SR OS 9.0.R9)",96
61.175.237.45,,"Alcatel-Lucent 7750 Service Router (SR OS 9.0.R9)",96
61.175.237.89,,"Alcatel-Lucent 7750 Service Router (SR OS 9.0.R9)",96
61.175.237.93,,"Alcatel-Lucent 7750 Service Router (SR OS 9.0.R9)",96
61.175.239.157,,"Alcatel-Lucent 7750 Service Router (SR OS 9.0.R9)",96
61.175.239.205,,"Alcatel-Lucent 7750 Service Router (SR OS 9.0.R9)",96
61.175.240.33,,"Alcatel-Lucent 7750 Service Router (SR OS 9.0.R9)",96
61.175.240.85,,"Alcatel-Lucent 7750 Service Router (SR OS 9.0.R9)",96
61.175.240.113,,"Alcatel-Lucent 7750 Service Router (SR OS 9.0.R9)",96
61.175.240.241,,"Alcatel-Lucent 7750 Service Router (SR OS 9.0.R9)",96
61.175.243.118,,"Alcatel-Lucent 7750 Service Router (SR OS 9.0.R9)",96
61.175.243.142,,"Alcatel-Lucent 7750 Service Router (SR OS 9.0.R9)",96
61.175.243.185,,"Alcatel-Lucent 7750 Service Router (SR OS 9.0.R9)",95
61.177.64.9,,"Alcatel-Lucent 7750 Service Router (SR OS 9.0.R9)",96
61.177.73.161,,"Alcatel-Lucent 7750 Service Router (SR OS 9.0.R9)",96
61.177.89.17,,"Alcatel-Lucent 7750 Service Router (SR OS 9.0.R9)",96
61.177.89.65,,"Alcatel-Lucent 7750 Service Router (SR OS 9.0.R9)",96
61.177.91.249,,"Alcatel-Lucent 7750 Service Router (SR OS 9.0.R9)",96
61.177.93.177,,"Alcatel-Lucent 7750 Service Router (SR OS 9.0.R9)",96
61.177.94.173,,"Alcatel-Lucent 7750 Service Router (SR OS 9.0.R9)",96
61.177.94.197,,"Alcatel-Lucent 7750 Service Router (SR OS 9.0.R9)",96
61.177.117.1,,"Alcatel-Lucent 7750 Service Router (SR OS 9.0.R9)",96
61.177.121.165,,"Alcatel-Lucent 7750 Service Router (SR OS 9.0.R9)",95
61.177.181.209,,"Alcatel-Lucent 7750 Service Router (SR OS 9.0.R9)",96
61.177.184.121,,"Alcatel-Lucent 7750 Service Router (SR OS 9.0.R9)",96
61.177.186.225,,"Alcatel-Lucent 7750 Service Router (SR OS 9.0.R9)",96
61.177.187.185,,"Alcatel-Lucent 7750 Service Router (SR OS 9.0.R9)",96
61.177.189.73,,"Alcatel-Lucent 7750 Service Router (SR OS 9.0.R9)",95
61.177.189.225,,"Alcatel-Lucent 7750 Service Router (SR OS 9.0.R9)",96
61.177.189.245,,"Alcatel-Lucent 7750 Service Router (SR OS 9.0.R9)",96
61.177.190.25,,"Alcatel-Lucent 7750 Service Router (SR OS 9.0.R9)",96
61.177.222.241,,"Alcatel-Lucent 7750 Service Router (SR OS 9.0.R9)",96
61.180.34.211,211.34.65.218.broad.nc.jx.dynamic.163data.com.cn,"Canon CLC4040 printer",85
61.183.55.64,,"Redback Networks SmartEdge router (SmartEdge OS 5.0)",97
61.183.149.17,,"Alcatel-Lucent 7750 Service Router (SR OS 9.0.R9)",96
61.183.149.137,,"Alcatel-Lucent 7750 Service Router (SR OS 9.0.R9)",96
61.183.203.11,11.203.183.61.dial.wh.hb.dynamic.163data.com.cn,"Microsoft Windows XP SP3",96
61.183.210.213,213.210.183.61.broad.wh.hb.dynamic.163data.com.cn,"Linux 2.4.33 (embedded)",96
61.184.2.16,,"Microsoft Windows Server 2003 SP2",96
61.184.21.5,,"Microsoft Windows XP SP3",95
61.184.136.113,,"Redback Networks SmartEdge 600 router (SmartEdge OS)",95
61.184.136.239,,"Redback Networks SmartEdge 600 router (SmartEdge OS)",95
61.184.140.97,,"Redback Networks SmartEdge router (SmartEdge OS 5.0)",95
61.184.140.97,,"Redback Networks SmartEdge router (SmartEdge OS 5.0)",97
61.184.140.115,,"Redback Networks SmartEdge router (SmartEdge OS 5.0)",97
61.184.140.116,,"Redback Networks SmartEdge router (SmartEdge OS 5.0)",95
61.184.140.237,,"Redback Networks SmartEdge 600 router (SmartEdge OS)",95
61.184.140.241,,"Redback Networks SmartEdge router (SmartEdge OS 5.0)",97
61.184.140.246,,"Cabletron ELS100-24TXM switch",91
61.184.214.206,,"Linux 2.4.33 (embedded)",96
61.187.91.98,,"Huawei S9300 switch",97
61.187.91.162,,"Huawei MA5200 router",95
61.187.91.166,,"Huawei MA5200 router",96
61.187.96.154,,"Huawei MA5200 router",96
61.188.56.189,,"Linux 2.4.33 (embedded)",94
61.188.184.1,1.184.188.61.broad.nc.sc.dynamic.163data.com.cn,"Alcatel-Lucent 7750 Service Router (SR OS 9.0.R9)",96
61.188.187.237,237.187.188.61.broad.nc.sc.dynamic.163data.com.cn,"Alcatel-Lucent 7750 Service Router (SR OS 9.0.R9)",96
61.188.246.121,,"Alcatel-Lucent 7750 Service Router (SR OS 9.0.R9)",96
61.189.237.213,,"Microsoft Windows XP Home SP2",95
61.190.30.218,,"Netgear WGR614v7 wireless broadband router",96
61.190.105.18,,"Redback Networks SmartEdge router (SmartEdge OS 5.0)",97
61.190.105.54,,"Redback Networks SmartEdge 600 router (SmartEdge OS)",95
61.190.111.255,,"Redback Networks SmartEdge 600 router (SmartEdge OS)",95
61.190.125.65,,"Redback Networks SmartEdge router (SmartEdge OS 5.0)",97
61.190.131.51,,"Linux 2.6.16 - 2.6.28",99
61.190.141.107,,"Avaya G700 Telephony Media Gateway or Sun Advanced Lights Out Maganer 1.5.2 (VxWorks)",97
61.190.141.132,,"Avaya G700 Telephony Media Gateway or Sun Advanced Lights Out Maganer 1.5.2 (VxWorks)",98
61.190.141.133,,"Avaya G700 Telephony Media Gateway or Sun Advanced Lights Out Maganer 1.5.2 (VxWorks)",99
61.190.142.108,,"Huawei S2326 switch",97
61.190.142.184,,"T-Marc 254H switch",99
61.190.143.118,,"Cabletron ELS100-24TXM switch",88
61.190.144.6,,"Huawei MA5200 router",96
61.190.144.66,,"Cabletron ELS100-24TXM switch",91
61.190.144.138,,"Huawei MA5200 router",96
61.190.144.198,,"Cabletron ELS100-24TXM switch",91
61.190.144.230,,"Cabletron ELS100-24TXM switch",91
61.190.147.38,,"Patton SmartNode 4960 VoIP adapter (SmartWare 4.2)",81
61.190.147.222,,"Cabletron ELS100-24TXM switch",91
61.190.150.241,,"Linux 2.6.19 - 2.6.32",99
61.190.162.5,,"Patton SmartNode 4960 VoIP adapter (SmartWare 4.2)",80
61.190.162.49,,"Huawei S2326 switch",97
61.190.164.42,,"Cabletron ELS100-24TXM switch",91
61.190.164.53,,"Cabletron ELS100-24TXM switch",91
61.190.165.254,,"H3C E126A or S3100-8T-SI switch (Comware 3.10)",96
61.190.169.30,,"Microsoft Windows XP SP2 - SP3",96
61.190.169.72,,"Microsoft Windows XP SP3",96
61.190.171.243,,"Linux 2.6.27",96
61.190.174.63,,"Avaya G700 Telephony Media Gateway or Sun Advanced Lights Out Maganer 1.5.2 (VxWorks)",99
61.190.178.73,,"Microsoft Windows XP SP3",95
61.190.185.28,,"Patton SmartNode 4960 VoIP adapter (SmartWare 4.2)",81
61.190.185.150,,"Patton SmartNode 4960 VoIP adapter (SmartWare 4.2)",81
61.190.185.178,,"Foundry Networks ServerIron switch",81
61.190.185.183,,"Patton SmartNode 4960 VoIP adapter (SmartWare 4.2)",81
61.190.187.8,,"H3C E126A or S3100-8T-SI switch (Comware 3.10)",99
61.190.187.13,,"H3C E126A or S3100-8T-SI switch (Comware 3.10)",99
61.190.187.14,,"H3C E126A or S3100-8T-SI switch (Comware 3.10)",99
61.190.190.6,,"Huawei S9300 switch",97
61.190.190.46,,"Patton SmartNode 4960 VoIP adapter (SmartWare 4.2)",81
61.190.190.52,,"Patton SmartNode 4960 VoIP adapter (SmartWare 4.2)",81
61.190.190.56,,"Patton SmartNode 4960 VoIP adapter (SmartWare 4.2)",81
61.190.190.59,,"Huawei Quidway S3526C switch (VRP 3.10)",96
61.190.191.53,,"H3C E126A or S3100-8T-SI switch (Comware 3.10)",96
61.190.191.168,,"H3C E126A or S3100-8T-SI switch (Comware 3.10)",98
61.190.191.211,,"H3C E126A or S3100-8T-SI switch (Comware 3.10)",98
61.190.191.220,,"H3C E126A or S3100-8T-SI switch (Comware 3.10)",99
61.190.192.21,,"H3C E126A or S3100-8T-SI switch (Comware 3.10)",96
61.190.193.31,,"T-Marc 254H switch",99
61.190.193.147,,"Patton SmartNode 4960 VoIP adapter (SmartWare 4.2)",81
61.190.193.158,,"Huawei Quidway S3526C switch (VRP 3.10)",96
61.190.193.240,,"Huawei Quidway S3526C switch (VRP 3.10)",96
61.190.194.142,,"Huawei Quidway S3526C switch (VRP 3.10)",98
61.190.195.110,,"3Com 8810 switch",96
61.190.195.194,,"Huawei MA5200 router",94
61.190.195.242,,"3Com 8810 switch",96
61.190.197.73,,"Alcatel-Lucent 7750 Service Router (SR OS 9.0.R9)",95
61.190.197.77,,"Alcatel-Lucent 7750 Service Router (SR OS 9.0.R9)",95
61.190.197.145,,"Epson Stylus Pro 400 printer",93
61.190.199.130,,"H3C E126A or S3100-8T-SI switch (Comware 3.10)",96
61.190.202.58,,"Huawei MA5200 router",97
61.190.205.118,,"Huawei Quidway S3526C switch (VRP 3.10)",96
61.190.208.159,,"Redback Networks SmartEdge 600 router (SmartEdge OS)",94
61.190.210.78,,"H3C E126A or S3100-8T-SI switch (Comware 3.10)",96
61.190.212.186,,"Cabletron ELS100-24TXM switch",93
61.190.213.30,,"Huawei Quidway S3526C switch (VRP 3.10)",99
61.190.213.54,,"Cabletron ELS100-24TXM switch",91
61.190.213.126,,"Cabletron ELS100-24TXM switch",93
61.190.214.62,,"H3C E126A or S3100-8T-SI switch (Comware 3.10)",96
61.190.215.102,,"H3C E126A or S3100-8T-SI switch (Comware 3.10)",96
61.190.216.106,,"H3C E126A or S3100-8T-SI switch (Comware 3.10)",96
61.190.221.230,,"Cabletron ELS100-24TXM switch",93
61.190.222.86,,"H3C E126A or S3100-8T-SI switch (Comware 3.10)",96
61.190.222.205,,"Alcatel-Lucent 7750 Service Router (SR OS 9.0.R9)",95
61.190.224.198,,"H3C E126A or S3100-8T-SI switch (Comware 3.10)",96
61.190.225.114,,"Cabletron ELS100-24TXM switch",91
61.190.226.42,,"Cabletron ELS100-24TXM switch",91
61.190.226.142,,"Huawei MA5200 router",96
61.190.226.178,,"H3C E126A or S3100-8T-SI switch (Comware 3.10)",96
61.190.226.206,,"Cabletron ELS100-24TXM switch",89
61.190.227.178,,"Cabletron ELS100-24TXM switch",89
61.190.227.182,,"Cabletron ELS100-24TXM switch",89
61.190.230.102,,"H3C E126A or S3100-8T-SI switch (Comware 3.10)",96
61.190.230.114,,"Cabletron ELS100-24TXM switch",91
61.190.231.182,,"3Com 5500-EI switch",95
61.190.236.166,,"Huawei MA5200 router",95
61.190.237.14,,"Huawei S9300 switch",97
61.190.237.154,,"Huawei S9300 switch",97
61.190.245.110,,"Huawei S9300 switch",96
61.190.250.66,,"Cisco Catalyst 2960, 3560, or 6500 switch (IOS 12.2)",99
61.190.250.109,,"Huawei MA5200 router",96
61.190.255.254,,"Cisco CRS-1 router (IOS XR 3.4.1 - 3.6.2)",96
61.191.1.50,,"Huawei Quidway S3526C switch (VRP 3.10)",99
61.191.6.114,,"Huawei S9300 switch",97
61.191.7.126,,"Huawei MA5200 router",96
61.191.7.130,,"Cisco 2950 switch (IOS 12.1)",97
61.191.7.154,,"Huawei MA5200 router",96
61.191.8.10,,"Huawei S9300 switch",97
61.191.8.126,,"Huawei MA5200 router",96
61.191.9.34,,"Cisco 2500 router (IOS 11.1)",90
61.191.11.186,,"3Com 8810 switch",96
61.191.16.146,146.16.191.61.broad.static.hf.ah.cndata.com,"FreeBSD 6.3-RELEASE",87
61.191.24.50,,"D-Link DWL-624+ or DWL-2000AP, or TRENDnet TEW-432BRP WAP",85
61.191.36.41,,"Linux 2.4.9 - 2.4.18 (likely embedded)",99
61.191.36.51,,"Linux 2.4.9 - 2.4.18 (likely embedded)",99
61.191.37.69,,"Microsoft Windows XP SP2 or Windows Server 2003 SP1 or SP2",97
61.191.39.42,,"Huawei MA5200 router",96
61.191.39.134,,"3Com 5500-EI switch",95
61.191.40.203,,"H3C E126A or S3100-8T-SI switch (Comware 3.10)",94
61.191.41.101,,"3Com 5500-EI switch",94
61.191.41.149,,"Huawei MA5200 router",97
61.191.55.202,,"HTC Touch mobile phone (Windows Mobile 6)",92
61.191.64.119,,"Westell WireSpeed Dual Connect 6100 DSL router",98
61.191.67.247,,"Patton SmartNode 4960 VoIP adapter (SmartWare 4.2)",81
61.191.68.21,,"Westell WireSpeed Dual Connect 6100 DSL router",98
61.191.68.32,,"Huawei Quidway S3526C switch (VRP 3.10)",96
61.191.68.84,,"Huawei Quidway S3526C switch (VRP 3.10)",96
61.191.68.112,,"Fortinet FortiAnalyzer 400B firewall (Linux 2.6)",90
61.191.68.126,,"Westell WireSpeed Dual Connect 6100 DSL router",97
61.191.68.163,,"Westell WireSpeed Dual Connect 6100 DSL router",98
61.191.68.166,,"OpenWrt (Linux 2.4.32)",94
61.191.69.137,,"Cabletron ELS100-24TXM switch",91
61.191.69.150,,"Westell WireSpeed Dual Connect 6100 DSL router",98
61.191.69.213,,"Cabletron ELS100-24TXM switch",93
61.191.70.35,,"Westell WireSpeed Dual Connect 6100 DSL router",98
61.191.71.171,,"Huawei Quidway S3526C switch (VRP 3.10)",96
61.191.71.186,,"Huawei Quidway S3526C switch (VRP 3.10)",96
61.191.71.187,,"Huawei Quidway S3526C switch (VRP 3.10)",96
61.191.71.192,,"H3C E126A or S3100-8T-SI switch (Comware 3.10)",99
61.191.71.238,,"Westell WireSpeed Dual Connect 6100 DSL router",98
61.191.74.234,,"Linux 2.6.27",96
61.191.77.108,,"H3C E126A or S3100-8T-SI switch (Comware 3.10)",98
61.191.79.227,,VxWorks,99
61.191.80.7,,"Huawei MA5200 router",96
61.191.80.14,,"H3C E126A or S3100-8T-SI switch (Comware 3.10)",96
61.191.89.172,,"T-Marc 254H switch",99
61.191.89.174,,"T-Marc 254H switch",99
61.191.89.185,,"Avaya G700 Telephony Media Gateway or Sun Advanced Lights Out Maganer 1.5.2 (VxWorks)",97
61.191.90.128,,"Huawei Quidway S3526C switch (VRP 3.10)",96
61.191.90.133,,"Huawei Quidway S3526C switch (VRP 3.10)",96
61.191.90.141,,"VxWorks 5.4.2",97
61.191.91.35,,"Westell WireSpeed Dual Connect 6100 DSL router",98
61.191.91.85,,"Arris Cadant C3 cable modem terminator (VxWorks 5.4.2)",98
61.191.91.90,,"Huawei Quidway S3526C switch (VRP 3.10)",97
61.191.91.152,,"Westell WireSpeed Dual Connect 6100 DSL router",98
61.191.91.238,,"VxWorks 5.4.2",97
61.191.92.41,,"T-Marc 254H switch",99
61.191.92.43,,"Cabletron ELS100-24TXM switch",93
61.191.92.71,,"Cabletron ELS100-24TXM switch",93
61.191.92.119,,"Avaya G700 Telephony Media Gateway or Sun Advanced Lights Out Maganer 1.5.2 (VxWorks)",99
61.191.92.128,,"T-Marc 254H switch",99
61.191.92.140,,"T-Marc 254H switch",99
61.191.92.185,,"T-Marc 254H switch",99
61.191.93.28,,"Huawei Quidway S3526C switch (VRP 3.10)",96
61.191.93.43,,"Westell WireSpeed Dual Connect 6100 DSL router",98
61.191.93.158,,"Westell WireSpeed Dual Connect 6100 DSL router",98
61.191.93.162,,"Westell WireSpeed Dual Connect 6100 DSL router",98
61.191.93.177,,"Huawei Quidway S3526C switch (VRP 3.10)",96
61.191.93.181,,"T-Marc 254H switch",99
61.191.96.246,,"Patton SmartNode 4960 VoIP adapter (SmartWare 4.2)",81
61.191.96.247,,"Foundry Networks ServerIron switch",81
61.191.97.65,,"Foundry Networks ServerIron switch",81
61.191.97.209,,"Avaya G700 Telephony Media Gateway or Sun Advanced Lights Out Maganer 1.5.2 (VxWorks)",98
61.191.98.19,,"Avaya G700 Telephony Media Gateway or Sun Advanced Lights Out Maganer 1.5.2 (VxWorks)",98
61.191.98.188,,"Avaya G700 Telephony Media Gateway or Sun Advanced Lights Out Maganer 1.5.2 (VxWorks)",97
61.191.100.106,,"H3C E126A or S3100-8T-SI switch (Comware 3.10)",99
61.191.100.215,,"Microsoft Windows XP SP3",96
61.191.103.131,,"Avaya G700 Telephony Media Gateway or Sun Advanced Lights Out Maganer 1.5.2 (VxWorks)",97
61.191.112.16,,"Patton SmartNode 4960 VoIP adapter (SmartWare 4.2)",81
61.191.112.82,,"Patton SmartNode 4960 VoIP adapter (SmartWare 4.2)",81
61.191.112.89,,"Huawei MA5200 router",95
61.191.112.102,,"Patton SmartNode 4960 VoIP adapter (SmartWare 4.2)",81
61.191.112.107,,"Patton SmartNode 4960 VoIP adapter (SmartWare 4.2)",81
61.191.112.113,,"Patton SmartNode 4960 VoIP adapter (SmartWare 4.2)",81
61.191.112.119,,"Patton SmartNode 4960 VoIP adapter (SmartWare 4.2)",81
61.191.112.149,,"Patton SmartNode 4960 VoIP adapter (SmartWare 4.2)",81
61.191.114.129,,"Huawei Quidway S3526C switch (VRP 3.10)",96
61.191.115.126,,"Microsoft Windows XP SP2 - SP3",96
61.191.116.146,,"Microsoft Windows XP SP2 - SP3",96
61.191.116.152,,"Linux 2.6.32 - 2.6.35",91
61.191.116.189,,"Microsoft Windows XP SP3",96
61.191.117.134,,"Microsoft Windows XP SP2 - SP3",95
61.191.119.26,,"H3C E126A or S3100-8T-SI switch (Comware 3.10)",99
61.191.119.31,,"T-Marc 254H switch",99
61.191.119.102,,VxWorks,98
61.191.121.4,,"T-Marc 254H switch",99
61.191.124.76,,"T-Marc 254H switch",99
61.191.124.95,,"Huawei Quidway S3526C switch (VRP 3.10)",96
61.191.126.249,,"H3C E126A or S3100-8T-SI switch (Comware 3.10)",99
61.191.127.254,,"Cabletron ELS100-24TXM switch",89
61.191.128.98,,"VxWorks 5.4.2",97
61.191.132.77,,"H3C E126A or S3100-8T-SI switch (Comware 3.10)",99
61.191.132.79,,"Huawei Quidway S3526C switch (VRP 3.10)",96
61.191.132.181,,"Huawei S2326 switch",97
61.191.132.189,,"Huawei S2326 switch",97
61.191.134.133,,"Huawei Quidway S3526C switch (VRP 3.10)",99
61.191.135.60,,"H3C E126A or S3100-8T-SI switch (Comware 3.10)",96
61.191.135.93,,"Huawei S2326 switch",97
61.191.135.143,,"Huawei Quidway S3526C switch (VRP 3.10)",96
61.191.137.28,,"Huawei Quidway S3526C switch (VRP 3.10)",96
61.191.137.67,,"Patton SmartNode 4960 VoIP adapter (SmartWare 4.2)",81
61.191.137.78,,"Patton SmartNode 4960 VoIP adapter (SmartWare 4.2)",81
61.191.137.151,,"Patton SmartNode 4960 VoIP adapter (SmartWare 4.2)",81
61.191.137.160,,"H3C E126A or S3100-8T-SI switch (Comware 3.10)",96
61.191.137.166,,"Patton SmartNode 4960 VoIP adapter (SmartWare 4.2)",81
61.191.137.169,,"Patton SmartNode 4960 VoIP adapter (SmartWare 4.2)",81
61.191.144.9,,"Huawei Quidway S3526C switch (VRP 3.10)",96
61.191.145.102,,"Huawei S2326 switch",97
61.191.146.140,,"Patton SmartNode 4960 VoIP adapter (SmartWare 4.2)",81
61.191.152.24,,"Avaya G700 Telephony Media Gateway or Sun Advanced Lights Out Maganer 1.5.2 (VxWorks)",98
61.191.152.103,,"H3C E126A or S3100-8T-SI switch (Comware 3.10)",99
61.191.155.33,,"H3C E126A or S3100-8T-SI switch (Comware 3.10)",99
61.191.168.103,,"Cabletron ELS100-24TXM switch",93
61.191.168.106,,"Cabletron ELS100-24TXM switch",93
61.191.171.102,,"Patton SmartNode 4960 VoIP adapter (SmartWare 4.2)",81
61.191.171.223,,"T-Marc 254H switch",99
61.191.172.242,,"H3C E126A or S3100-8T-SI switch (Comware 3.10)",96
61.191.173.111,,"Patton SmartNode 4960 VoIP adapter (SmartWare 4.2)",81
61.191.173.126,,"Patton SmartNode 4960 VoIP adapter (SmartWare 4.2)",81
61.191.173.132,,"Patton SmartNode 4960 VoIP adapter (SmartWare 4.2)",81
61.191.173.148,,"Patton SmartNode 4960 VoIP adapter (SmartWare 4.2)",81
61.191.173.164,,"Patton SmartNode 4960 VoIP adapter (SmartWare 4.2)",81
61.191.174.143,,"H3C E126A or S3100-8T-SI switch (Comware 3.10)",97
61.191.174.152,,"Patton SmartNode 4960 VoIP adapter (SmartWare 4.2)",81
61.191.175.64,,"Patton SmartNode 4960 VoIP adapter (SmartWare 4.2)",81
61.191.177.26,,"H3C E126A or S3100-8T-SI switch (Comware 3.10)",96
61.191.177.80,,"H3C E126A or S3100-8T-SI switch (Comware 3.10)",96
61.191.177.196,,"H3C E126A or S3100-8T-SI switch (Comware 3.10)",99
61.191.181.20,,"H3C E126A or S3100-8T-SI switch (Comware 3.10)",96
61.191.181.128,,"H3C E126A or S3100-8T-SI switch (Comware 3.10)",96
61.191.181.154,,"H3C E126A or S3100-8T-SI switch (Comware 3.10)",96
61.191.181.204,,"H3C E126A or S3100-8T-SI switch (Comware 3.10)",96
61.191.234.49,,"T-Marc 254H switch",99
61.191.241.4,,"Microsoft Windows XP SP2 - SP3",96
61.191.248.154,,"Netopia 2247 ADSL router",94
61.191.249.109,,"Microsoft Windows Vista SP1 - SP2 or Windows 7",96
61.221.29.71,61-221-29-71.HINET-IP.hinet.net,"Avaya G700 Telephony Media Gateway or Sun Advanced Lights Out Maganer 1.5.2 (VxWorks)",98
61.222.119.243,61-222-119-243.HINET-IP.hinet.net,"Netgear DG834G WAP or Western Digital WD TV media player",96
61.222.244.161,61-222-244-161.HINET-IP.hinet.net,"Gemtek P360 WAP or Siemens Gigaset SE515dsl wireless broadband router",98
61.224.17.74,61-224-17-74.dynamic.hinet.net,"Linksys RV042 router",97
61.227.160.21,61-227-160-21.dynamic.hinet.net,"WatchGuard firewall (Fireware 11.3)",93
61.237.29.238,,"Cisco 2900XL switch (IOS 11.2)",96
61.237.114.70,,"Cisco 2900XL switch (IOS 11.2)",93
61.237.122.106,,"Cisco Catalyst 2950 switch (IOS 12.1)",95
61.246.45.25,dsl-del-static-025.45.246.61.airtelbroadband.in,"Juniper Networks J2320 or MX5-T router; or EX2200, EX3200, EX4200, or EX8200 switch (JUNOS 8.5 - 11.2)",95
61.252.114.160,,"Linux 2.6.29 - 2.6.31",97
61.255.179.125,,"Netgear DG834G WAP or Western Digital WD TV media player",96
61.255.191.65,,"Linux 2.6.18",98
61.255.220.149,,"Alcatel-Lucent 7750 Service Router (SR OS 9.0.R9)",96
62.8.199.157,,"Avaya G700 Telephony Media Gateway or Sun Advanced Lights Out Maganer 1.5.2 (VxWorks)",97
62.8.227.201,,"Avaya G700 Telephony Media Gateway or Sun Advanced Lights Out Maganer 1.5.2 (VxWorks)",97
62.23.32.54,host.54.32.23.62.rev.coltfrance.com,"Avaya G700 Telephony Media Gateway or Sun Advanced Lights Out Maganer 1.5.2 (VxWorks)",96
62.26.126.1,,"Juniper MX960 router (JUNOS 9.5R3.7)",97
62.26.161.253,,"Juniper MX960 router (JUNOS 9.5R3.7)",95
62.26.191.251,,"Thomson ST 585 or ST 536i ADSL modem",94
62.26.193.1,,"Juniper M7i router",95
62.26.193.5,,"Juniper Networks J2320 or MX5-T router; or EX2200, EX3200, EX4200, or EX8200 switch (JUNOS 8.5 - 11.2)",95
62.26.195.213,,"Juniper Networks J2320 or MX5-T router; or EX2200, EX3200, EX4200, or EX8200 switch (JUNOS 8.5 - 11.2)",93
62.26.215.1,,"Juniper JUNOS 10.4R6.5",95
62.26.215.230,,"Juniper MX960 router (JUNOS 9.5R3.7)",96
62.26.219.20,pool.webhoster.ag,"Linksys WRV54G WAP",97
62.26.241.141,ge-0-0-10.customer10.f.ip.nacamar.net,"Juniper MX960 router (JUNOS 9.5R3.7)",95
62.27.25.53,ge-0-1-9.core12.f.ip.nacamar.net,"Juniper M7i router",95
62.27.25.85,ge-0-1-5.core12.f.ip.nacamar.net,"Juniper M7i router",95
62.27.58.27,,"F5 BIG-IP 3650 Local Traffic Manager load balancer",96
62.27.87.2,,"Juniper M7i router",95
62.27.95.29,ge-0-2-9-10.core11.f.ip.nacamar.net,"Juniper M7i router",95
62.32.66.133,,"Alcatel-Lucent 7750 Service Router (SR OS 9.0.R9)",94
62.32.83.97,,"Juniper Networks ERX-700 router",98
62.33.55.149,,"Lantronix XPort embedded Ethernet device server",97
62.33.102.5,roam.002.ru,"Linux 2.4.32 (x86)",97
62.33.148.153,,"Microsoft Windows Vista SP1",92
62.33.156.48,48-156.buryatia.ru,"Roku 2 XS media player (Linux 2.6.32)",98
62.48.3.129,,"OpenBSD 5.2",96
62.48.89.166,nl-cluster.tcom.cd.net.de,"Brother HL-5070N printer",89
62.52.49.170,rmwc-frnk-de02-xe-0-0-2-0.nw.mediaways.net,"Juniper MX960 router (JUNOS 9.5R3.7)",95
62.64.68.63,viko-xxi.lv.sovam.net.ua,"Linux 2.6.15 - 2.6.27",96
62.64.76.18,investments-projects.sovam.net.ua,"Linux 2.6.15 - 2.6.27",99
62.64.77.187,ll-187.77.64.62.kv.sovam.net.ua,"Linux 2.6.14 - 2.6.30",98
62.64.83.37,ll-37.83.64.62.dp.sovam.net.ua,"Epson Stylus Pro 400 printer",93
62.64.95.101,diamant.od.sovam.net.ua,"MikroTik RouterOS 3.30",96
62.64.106.63,chernyshenko.kh.sovam.net.ua,"Linux 2.6.15 - 2.6.27",99
62.64.106.132,van.kh.sovam.net.ua,"Linux 2.6.15 - 2.6.27",96
62.64.107.65,ll-65.107.64.62.kh.sovam.net.ua,"Epson Stylus Pro 400 printer",89
62.64.107.105,kraft-foods-lgw.trostyan.sovam.net.ua,"Alcatel-Lucent 7750 Service Router (SR OS 9.0.R9)",96
62.64.112.97,ll-97.132.162.89.kv.sovam.net.ua,"Siemens C2-010-I ADSL modem",93
62.64.115.24,lui-vuitton.sovam.net.ua,"ADSL router: Huawei MT800u-T; or ZyXEL Prestige 623ME-T1, 643, 662HW-61, 782, or 2602R-61",96
62.64.120.84,,"ADSL router: Huawei MT800u-T; or ZyXEL Prestige 623ME-T1, 643, 662HW-61, 782, or 2602R-61",96
62.64.120.88,,"Linux 2.6.24",96
62.64.120.140,lemestia.sovam.net.ua,"Linux 2.6.15 - 2.6.27",96
62.64.123.38,diprogaz.sovam.net.ua,"Linux 2.6.15 - 2.6.27",97
62.64.123.202,barvinok.sovam.net.ua,"OpenWrt White Russian 0.9 (Linux 2.4.30)",95
62.64.125.185,,"Alcatel-Lucent 7750 Service Router (SR OS 9.0.R9)",94
62.69.21.50,,"Linux 2.6.18 - 2.6.31",97
62.72.105.245,viking016-from-representation-autriche-691-u.be.colt.net,"Juniper Networks ERX-700 router",95
62.75.3.69,ten0-2-1-0-atht1602.ath.OTEGlobe.net,"Juniper SRX100 firewall",94
62.75.239.49,static-ip-62-75-239-49.inaddr.plusserver.de,"Microsoft Windows Vista",95
62.76.96.1,sputnik.sirius-p.ru,"FreeBSD 7.0-RELEASE-p1 - 10.0-CURRENT",97
62.76.96.147,,"FreeBSD 7.0-BETA4 - 7.0",96
62.76.96.149,,"FreeBSD 7.0-RELEASE-p1 - 10.0-CURRENT",95
62.78.53.180,180-53.dynamic.well-comm.ru,"Microsoft Windows Vista SP1",99
62.78.55.240,240-55.dynamic.well-comm.ru,"Linksys WRV54G WAP",97
62.80.163.29,,"FreeBSD 7.1-PRERELEASE - 7.3-RELEASE",94
62.84.106.195,nalexch.dubna.ru,"HP LaserJet 1200 printer",96
62.91.5.34,www.business-angel-bremen.de,"D-Link DI-504 or DI-704P broadband router, or DI-524 WAP",88
62.92.87.57,,"Epson Stylus Pro 400 printer",94
62.92.249.41,,"Juniper Networks ERX-700 router",95
62.93.6.161,,"Linux 2.6.18 (CentOS 5.4)",98
62.93.16.36,,"Linux 2.6.32",97
62.93.16.106,,"Linux 2.6.18",95
62.93.20.53,ms52.adrpms.de,"DD-WRT v23 - v24-sp2 (Linux 2.4.20 - 2.4.37)",95
62.94.54.169,,"Roku 2 XS media player (Linux 2.6.32)",92
62.94.105.153,ip-105-153.sn1.eutelia.it,"Wireless broadband router (3Com OfficeConnect 3CRWDR100A-72, Philips SNB6500, Sinus 154, SMC SMCWEBT-G, or SMC SMCWBR14-G2)",98
62.94.124.176,ip-124-176.sn1.eutelia.it,"Wireless broadband router (3Com OfficeConnect 3CRWDR100A-72, Philips SNB6500, Sinus 154, SMC SMCWEBT-G, or SMC SMCWBR14-G2)",97
62.94.165.244,,"Linux 2.6.14 - 2.6.30",99
62.94.227.219,ip-227-219.sn1.eutelia.it,"ADSL router: Huawei MT800u-T; or ZyXEL Prestige 623ME-T1, 643, 662HW-61, 782, or 2602R-61",96
62.96.27.145,h-62.96.27.145.host.de.colt.net,"Juniper Networks ERX-700 router",95
62.96.107.137,h-62.96.107.137.host.de.colt.net,"Juniper Networks ERX-700 router",99
62.105.145.77,,"Juniper Networks M10 or M320 router (JUNOS 7.4R3.4)",97
62.108.186.7,186-7.jnet.kosman.pl,"Linux 2.6.18 - 2.6.32",95
62.109.3.12,ssh-com.ru,"FreeBSD 7.0-BETA4 - 7.0",98
62.109.3.204,shogo2.fvds.ru,"FreeBSD 7.0-BETA4 - 7.0",98
62.109.6.37,tecspb.ru,"FreeBSD 7.0-BETA4 - 7.0",98
62.109.6.196,obzorkursov.ru,"FreeBSD 6.2-STABLE - 6.4-STABLE",92
62.109.10.228,1000letie.ru,"FreeBSD 7.0-BETA4 - 7.0",98
62.109.11.72,rublevka-wm.ru,"FreeNAS 0.69.1 (FreeBSD 6.4-RELEASE-p3)",92
62.109.14.59,pltu.ru,"Linux 2.6.27",95
62.109.15.74,polyk.ru,"FreeBSD 7.0-BETA4 - 7.0",98
62.109.15.116,firescorpions.fvds.ru,"FreeBSD 7.0-BETA4 - 7.0",98
62.109.18.5,fnow.ru,"FreeBSD 7.0-BETA4 - 7.0",98
62.109.27.122,free.msk.ispsystem.net,"FreeBSD 7.0-BETA4 - 7.0",98
62.109.30.162,rage911.fvds.ru,"FreeBSD 7.1-RELEASE",99
62.109.31.8,ns2.efimovgr.ru,"FreeBSD 6.2-STABLE - 6.4-STABLE",92
62.109.31.63,meteostanciya.com,"FreeBSD 7.1-RELEASE",99
62.109.111.33,ge2-1.br01.ber.de.hansenet.net,"Juniper Networks ERX-700 router",95
62.112.40.26,btr-it.gopas.net,"Allied Telesyn AT-AR300L CentreCOM router",98
62.113.197.233,,"Microsoft Windows 7 SP1 or Windows Server 2008 SP2",92
62.113.206.3,,"Linux 2.6.32 - 2.6.35",95
62.113.206.25,,"Linux 2.6.32 - 2.6.35",95
62.113.206.38,,"Linux 2.6.32 - 2.6.35",95
62.113.206.59,,"Linux 2.6.32 - 2.6.35",95
62.113.206.67,,"Linux 2.6.32 - 2.6.35",95
62.113.206.96,,"Linux 2.6.32 - 2.6.35",95
62.113.206.102,,"Linux 2.6.32 - 2.6.35",95
62.113.206.109,,"Linux 2.6.32 - 2.6.35",95
62.113.206.132,,"Linux 2.6.32 - 2.6.35",95
62.113.206.145,,"Linux 2.6.32 - 2.6.35",95
62.113.206.147,,"Linux 2.6.32 - 2.6.35",95
62.113.206.153,,"Linux 2.6.32 - 2.6.35",95
62.113.206.155,,"Linux 2.6.32 - 2.6.35",95
62.113.206.166,,"Linux 2.6.32 - 2.6.35",95
62.113.206.172,,"Linux 2.6.32 - 2.6.35",95
62.113.206.224,,"Linux 2.6.32",92
62.113.207.3,,"Linux 2.6.32 - 2.6.35",95
62.113.207.7,,"Linux 2.6.32 - 2.6.35",95
62.113.207.9,,"Linux 2.6.32 - 2.6.35",95
62.113.207.23,,"Linux 2.6.32 - 2.6.35",95
62.113.207.27,,"Linux 2.6.32 - 2.6.35",95
62.113.207.28,,"Linux 2.6.32 - 2.6.35",95
62.113.207.38,,"Linux 2.6.32 - 2.6.35",95
62.113.207.51,,"Linux 2.6.32 - 2.6.35",95
62.113.207.55,,"Linux 2.6.32 - 2.6.35",95
62.113.207.90,,"Linux 2.6.32 - 2.6.35",95
62.113.207.119,,"Linux 2.6.32 - 2.6.35",95
62.113.207.121,,"Linux 2.6.32 - 2.6.35",95
62.113.207.122,,"Linux 2.6.32 - 2.6.35",95
62.113.207.127,,"Linux 2.6.32 - 2.6.35",95
62.113.207.129,,"Linux 2.6.32 - 2.6.35",95
62.113.207.130,,"Linux 2.6.32 - 2.6.35",95
62.113.207.133,,"Linux 2.6.32 - 2.6.35",95
62.113.207.162,,"Linux 2.6.32 - 2.6.35",95
62.113.207.164,,"Linux 2.6.32 - 2.6.35",95
62.113.207.174,,"Linux 2.6.32 - 2.6.35",95
62.113.207.176,,"Linux 2.6.32 - 2.6.35",95
62.113.207.195,,"Linux 2.6.32 - 2.6.35",95
62.113.207.206,,"Linux 2.6.32 - 2.6.35",95
62.113.207.218,,"Linux 2.6.32 - 2.6.35",95
62.113.207.220,,"Linux 2.6.32 - 2.6.35",95
62.113.207.240,,"Linux 2.6.32 - 2.6.35",95
62.113.208.11,,"Linux 2.6.32 - 2.6.35",95
62.113.208.13,,"Linux 2.6.32 - 2.6.35",95
62.113.208.15,,"Linux 2.6.32 - 2.6.35",95
62.113.208.21,,"Linux 2.6.32 - 2.6.35",95
62.113.208.43,,"Linux 2.6.32 - 2.6.35",95
62.113.208.55,,"Linux 2.6.32 - 2.6.35",95
62.113.208.78,,"Linux 2.6.32 - 2.6.35",95
62.113.208.82,,"Linux 2.6.32 - 2.6.35",95
62.113.208.90,,"Linux 2.6.32 - 2.6.35",95
62.113.208.98,,"Linux 2.6.32",92
62.113.208.118,,"Linux 2.6.32 - 2.6.35",95
62.113.208.142,,"Linux 2.6.32",92
62.113.208.149,,"Linux 2.6.32 - 2.6.35",95
62.113.208.156,,"Linux 2.6.32 - 3.2",95
62.113.208.160,,"Linux 2.6.32 - 2.6.35",95
62.113.208.192,,"Linux 2.6.32 - 2.6.35",95
62.113.208.196,,"Linux 2.6.32 - 2.6.35",95
62.113.208.205,,"Linux 2.6.32 - 2.6.35",95
62.113.208.225,,"Linux 2.6.32 - 2.6.35",95
62.113.208.235,,"Linux 2.6.32 - 2.6.35",95
62.113.208.237,,"Linux 2.6.32 - 2.6.35",95
62.113.208.241,,"Linux 2.6.32 - 2.6.35",95
62.113.208.247,,"Linux 2.6.32 - 2.6.35",95
62.113.232.240,,"Linux 2.6.32 - 3.2",95
62.113.234.15,,"Linux 2.6.32 - 2.6.35",95
62.113.234.23,,"Linux 2.6.32 - 2.6.35",95
62.113.234.26,,"Linux 2.6.32 - 2.6.35",95
62.113.234.48,,"Linux 2.6.32 - 2.6.35",95
62.113.234.54,,"Linux 2.6.32 - 2.6.35",95
62.113.234.80,,"Linux 2.6.32 - 2.6.35",95
62.113.234.92,,"Linux 2.6.32 - 2.6.35",95
62.113.234.109,,"Linux 2.6.32 - 2.6.35",95
62.113.234.122,,"Linux 2.6.32 - 2.6.35",95
62.113.234.132,,"Linux 2.6.32 - 2.6.35",95
62.113.234.139,,"Linux 2.6.32 - 2.6.35",95
62.113.234.246,,"Linux 2.6.32 - 2.6.35",95
62.113.234.251,,"Linux 2.6.32 - 2.6.35",95
62.113.235.33,,"Linux 2.6.32 - 2.6.35",95
62.113.235.39,,"Linux 2.6.32 - 2.6.35",95
62.113.235.41,,"Linux 2.6.32 - 2.6.35",95
62.113.235.52,,"Linux 2.6.32 - 2.6.35",95
62.113.235.55,,"Linux 2.6.32 - 2.6.35",95
62.113.235.62,,"Linux 2.6.32 - 2.6.35",95
62.113.235.96,,"Linux 2.6.32 - 2.6.35",95
62.113.235.98,,"Linux 2.6.32 - 2.6.35",95
62.113.235.101,,"Linux 2.6.32 - 2.6.35",95
62.113.235.134,,"Linux 2.6.32 - 2.6.35",95
62.113.235.144,,"Linux 2.6.32 - 2.6.35",95
62.113.235.155,,"Linux 2.6.32 - 2.6.35",95
62.113.235.162,,"Linux 2.6.32 - 2.6.35",95
62.113.235.212,,"Linux 2.6.32 - 2.6.35",95
62.113.237.3,,"Linux 2.6.32 - 2.6.35",95
62.113.237.14,,"Linux 2.6.32 - 2.6.35",95
62.113.237.28,,"Linux 2.6.32 - 2.6.35",95
62.113.237.38,,"Linux 2.6.32 - 2.6.35",95
62.113.237.67,,"Linux 2.6.32 - 2.6.35",95
62.113.237.97,,"Linux 2.6.32 - 2.6.35",95
62.113.237.114,,"Linux 2.6.32 - 2.6.35",95
62.113.237.115,,"Linux 2.6.32 - 2.6.35",95
62.113.237.139,,"Linux 2.6.32 - 2.6.35",95
62.113.237.142,,"Linux 2.6.32 - 2.6.35",95
62.113.237.156,,"OpenWrt 12.09-rc1 Attitude Adjustment (Linux 3.3 - 3.7)",92
62.113.237.167,,"Linux 2.6.32 - 2.6.35",95
62.113.237.183,,"Linux 2.6.32 - 2.6.35",95
62.113.237.194,,"Linux 2.6.32 - 2.6.35",95
62.113.237.207,,"Linux 2.6.32 - 2.6.35",95
62.113.237.212,,"Linux 2.6.32 - 2.6.35",95
62.113.237.216,,"Linux 2.6.32 - 2.6.35",95
62.113.237.229,,"Linux 2.6.32 - 2.6.35",95
62.113.237.244,,"Linux 2.6.32 - 2.6.35",95
62.113.237.247,,"Linux 2.6.32 - 2.6.35",95
62.113.237.250,,"Linux 2.6.32 - 2.6.35",95
62.113.241.8,kvm5.de.filemedia.net,"Linux 2.6.32 - 2.6.35",95
62.113.241.26,ns21.fmbackbone.de,"Linux 2.6.32 - 2.6.35",95
62.113.241.40,,"Linux 2.6.32 - 2.6.35",95
62.113.241.44,vs2.dang.it.cx,"Linux 2.6.32 - 2.6.35",95
62.113.241.84,,"Linux 2.6.32 - 2.6.35",95
62.113.241.126,berndinox.tk,"Linux 2.6.32 - 2.6.35",95
62.113.241.162,,"Linux 2.6.32 - 2.6.35",95
62.113.241.193,,"Linux 2.6.32 - 2.6.35",95
62.113.241.195,,"Linux 2.6.32 - 2.6.35",95
62.113.241.208,,"Linux 2.6.32 - 2.6.35",95
62.113.241.212,,"Linux 2.6.32 - 2.6.35",95
62.113.242.52,,"Linux 2.6.32 - 2.6.35",95
62.113.242.82,,"Linux 2.6.32 - 2.6.35",95
62.113.242.101,,"Linux 2.6.32 - 2.6.35",95
62.113.242.104,,"Linux 2.6.32 - 2.6.35",95
62.113.242.128,mail2.geisslermail.de,"Linux 2.6.32 - 2.6.35",95
62.113.242.129,mx1.spheresystem.de,"Linux 2.6.32 - 2.6.35",95
62.113.242.134,,"Linux 2.6.32 - 2.6.35",95
62.113.242.142,,"Linux 2.6.32 - 2.6.35",95
62.113.242.167,,"Linux 2.6.32 - 2.6.35",95
62.113.242.171,,"Linux 2.6.32 - 2.6.35",95
62.113.242.179,,"Linux 2.6.32 - 2.6.35",95
62.113.242.194,,"Linux 2.6.32 - 2.6.35",95
62.113.242.236,,"Linux 2.6.32 - 2.6.35",95
62.113.242.245,,"Linux 2.6.32 - 2.6.35",95
62.113.243.27,,"Linux 2.6.32 - 2.6.35",95
62.113.243.50,,"Linux 2.6.32 - 2.6.35",95
62.113.243.77,,"Linux 2.6.32 - 2.6.35",95
62.113.243.111,frankfurt.moepmoep.net,"Linux 2.6.32 - 2.6.35",95
62.113.243.119,,"Linux 2.6.32 - 2.6.35",95
62.113.243.129,,"Linux 2.6.32 - 2.6.35",95
62.113.243.138,,"Linux 2.6.32 - 2.6.35",95
62.113.243.146,smtp.greenvalleyhosting.com,"Linux 2.6.32 - 2.6.35",95
62.113.243.238,,"Linux 2.6.32 - 2.6.35",95
62.113.243.244,,"Linux 2.6.32 - 2.6.35",95
62.113.247.13,,"Linux 2.6.32 - 2.6.35",95
62.113.247.25,,"Linux 2.6.32 - 2.6.35",95
62.113.247.30,,"Linux 2.6.32 - 2.6.35",95
62.113.247.76,,"Linux 2.6.32 - 2.6.35",95
62.113.247.96,,"Linux 2.6.32 - 2.6.35",95
62.113.247.109,,"Linux 2.6.32 - 2.6.35",95
62.113.247.125,,"Linux 2.6.32 - 2.6.35",95
62.113.247.129,,"Linux 2.6.32 - 2.6.35",95
62.113.247.133,,"Linux 2.6.32 - 2.6.35",95
62.113.247.190,,"Linux 2.6.32 - 2.6.35",95
62.113.247.196,,"Linux 2.6.32 - 2.6.35",95
62.113.247.205,,"Linux 2.6.32 - 2.6.35",95
62.113.247.212,,"Linux 2.6.32 - 2.6.35",95
62.113.247.249,,"Linux 2.6.32 - 2.6.35",95
62.115.241.38,,"Vyatta 4.1.4 (Linux 2.6.24)",97
62.115.241.54,,"Vyatta 4.1.4 (Linux 2.6.24)",99
62.115.241.100,,"Vyatta 4.1.4 (Linux 2.6.24)",99
62.115.241.172,,"Vyatta 4.1.4 (Linux 2.6.24)",99
62.115.241.180,,"Vyatta 4.1.4 (Linux 2.6.24)",99
62.115.246.84,,"Vyatta 4.1.4 (Linux 2.6.24)",99
62.116.217.68,,"Apple Mac OS X 10.6.8 (Snow Leopard) (Darwin 10.8.0)",96
62.117.69.163,,"Siemens HiPath 3000 PBX",99
62.117.110.225,,"Linux 2.6.19 - 2.6.36",96
62.122.144.81,host-122-144-81.chayka-net.ru,"D-Link DGS-3610 switch",97
62.122.144.105,host-122-144-105.chayka-net.ru,"D-Link DES-7210 switch",97
62.133.151.188,ppp151188.ostnet.pl,"OpenWrt (Linux 2.4.32)",94
62.133.206.100,mx2.unilogicnetworks.net,"Linux 2.6.32 - 2.6.36",96
62.140.245.173,msk-m9-b1-ae5-vlan26.fiord.ru,"Juniper SRX100 firewall",97
62.140.246.25,62.140.246-25.fiord.ru,"Juniper MX960 router (JUNOS 9.5R3.7)",95
62.140.252.143,143.252.140.62.fryazino.net,"Cisco 3500 XL switch",88
62.141.38.7,,"Linux 2.6.32 - 3.2",95
62.141.45.113,45113.vs.webtropia.com,"Linux 2.6.32 - 3.2",95
62.141.106.38,,"Thomson SpeedTouch 510 DSL modem",95
62.144.181.121,,"Juniper M7i router",93
62.148.169.113,web2.companyonnet.net,"Linux 2.6.5 - 2.6.12",99
62.148.171.227,62-148-171-227-hosted-by.denit.net,"Microsoft Windows XP SP2 or Windows Server 2003 SP1 or SP2",97
62.149.2.194,pandora.colocall.net,"FreeNAS 0.7 - 0.7.2 (FreeBSD 7.2-RELEASE - 9.0-RELEASE)",96
62.149.13.126,themis.elgroups.com,"Linux 2.6.18 - 2.6.31",91
62.149.14.148,,"FreeBSD 4.10-RELEASE - 5.4-SECURITY",97
62.149.26.81,,"Linux 2.6.31",94
62.149.29.21,,"FreeBSD 7.0-BETA4 - 7.0",97
62.152.40.45,,"Juniper MX960 router (JUNOS 9.5R3.7)",95
62.152.40.129,,"Juniper SRX100 firewall",96
62.152.40.197,estpak-gw.msk.citytelecom.ru,"Juniper SRX100 firewall",93
62.152.42.141,izet-gw.spb.citytelecom.ru,"Juniper SRX100 firewall",97
62.152.117.200,,"D-Link DI-504 or DI-704P broadband router, or DI-524 WAP",88
62.153.53.26,0169187-1-1-gw.BT.DE.NET.DTAG.DE,"Avaya G700 Telephony Media Gateway or Sun Advanced Lights Out Maganer 1.5.2 (VxWorks)",97
62.153.54.211,,"Avaya G700 Telephony Media Gateway or Sun Advanced Lights Out Maganer 1.5.2 (VxWorks)",97
62.153.67.49,,"Avaya G700 Telephony Media Gateway or Sun Advanced Lights Out Maganer 1.5.2 (VxWorks)",97
62.154.132.113,,"Avaya G700 Telephony Media Gateway or Sun Advanced Lights Out Maganer 1.5.2 (VxWorks)",97
62.154.232.149,,"Linux 2.6.32 - 3.2",98
62.154.232.178,,"Linux 2.6.32 - 3.2",98
62.156.132.31,0170404-1-1-gw.DD.DE.NET.DTAG.DE,"Avaya G700 Telephony Media Gateway or Sun Advanced Lights Out Maganer 1.5.2 (VxWorks)",97
62.157.98.209,,"Avaya G700 Telephony Media Gateway or Sun Advanced Lights Out Maganer 1.5.2 (VxWorks)",96
62.157.229.169,,"Avaya G700 Telephony Media Gateway or Sun Advanced Lights Out Maganer 1.5.2 (VxWorks)",97
62.159.21.225,,"Netgear WGN824 v2 DSL router",96
62.159.74.160,,"Linux 2.6.32 - 3.2",98
62.159.77.113,,"Avaya G700 Telephony Media Gateway or Sun Advanced Lights Out Maganer 1.5.2 (VxWorks)",95
62.159.141.161,,"Avaya G700 Telephony Media Gateway or Sun Advanced Lights Out Maganer 1.5.2 (VxWorks)",93
62.159.155.137,,"Avaya G700 Telephony Media Gateway or Sun Advanced Lights Out Maganer 1.5.2 (VxWorks)",97
62.159.207.81,,"Avaya G700 Telephony Media Gateway or Sun Advanced Lights Out Maganer 1.5.2 (VxWorks)",97
62.159.239.209,,"Avaya G700 Telephony Media Gateway or Sun Advanced Lights Out Maganer 1.5.2 (VxWorks)",97
62.168.168.74,relay.posta.ge,"FreeBSD 6.2-STABLE - 6.4-STABLE",96
62.173.84.238,unallocated.star.net.uk,"ADSL router: Huawei MT800u-T; or ZyXEL Prestige 623ME-T1, 643, 662HW-61, 782, or 2602R-61",96
62.173.85.10,unallocated.star.net.uk,"ADSL router: Huawei MT800u-T; or ZyXEL Prestige 623ME-T1, 643, 662HW-61, 782, or 2602R-61",96
62.173.156.74,74.156.173.62.IN-ADDR.ARPA.icosmos.ru,"Microsoft Windows Vista SP1",97
62.176.115.81,,"Juniper M7i router",92
62.176.116.137,137-116-176-62.btc-net.bg,"Juniper M7i router",92
62.176.119.106,,"Microsoft Windows XP SP3",97
62.194.159.163,h159163.upc-h.chello.nl,"Linux 2.4.9 - 2.4.18 (likely embedded)",97
62.196.55.89,,"Juniper M7i router",97
62.197.40.1,,"Juniper J4350 router",98
62.197.46.3,,"Juniper J4350 router",99
62.197.50.186,ge0-208-0.bdr2.thdo.lnc.net,"Juniper J4350 router",97
62.197.51.153,vrrp-304-0.thdo.lnc.net,"Juniper J4350 router",97
62.197.51.169,vrrp-306-0.thdo.lnc.net,"Juniper J4350 router",97
62.204.146.2,,"HP ProCurve 2524 switch or 9100c Digital Sender printer",95
62.205.130.92,Lyuda2010.alfa-inet.net,"Microsoft Windows 7 SP0 - SP1, Windows Server 2008 SP1, or Windows 8",96
62.205.157.33,itera-2-w-217-gw.netassist.ua,"Juniper Networks M10 or M320 router (JUNOS 7.4R3.4)",96
62.205.223.199,,"Microsoft Windows 7 Ultimate Beta (build 7000)",93
62.206.38.78,,"Linux 2.6.23 - 2.6.38",99
62.206.76.81,port-62-206-76-81.dynamic.qsc.de,"Avaya G700 Telephony Media Gateway or Sun Advanced Lights Out Maganer 1.5.2 (VxWorks)",96
62.206.89.129,,"Lancom L-54g WAP (LCOS)",95
62.206.95.32,port-62-206-95-32.static.qsc.de,"Avaya G700 Telephony Media Gateway or Sun Advanced Lights Out Maganer 1.5.2 (VxWorks)",97
62.206.132.1,,"Avaya G700 Telephony Media Gateway or Sun Advanced Lights Out Maganer 1.5.2 (VxWorks)",97
62.206.247.169,,"Avaya G700 Telephony Media Gateway or Sun Advanced Lights Out Maganer 1.5.2 (VxWorks)",97
62.212.130.253,Hosted-By.xenosite.net,"3Com SuperStack 3 Switch 3300",97
62.212.154.70,srv5.visualmedia.nl,"Linux 2.6.32 - 3.9",96
62.213.68.83,,"FreeBSD 5.4-RELEASE",93
62.213.77.140,FANERA.NET,"FreeBSD 6.2-RELEASE",98
62.213.78.22,engine.caravan.ru,"FreeBSD 6.1-RELEASE - 6.2",97
62.213.78.207,icftc.ru,"FreeBSD 6.0-STABLE - 6.2-RELEASE",95
62.213.81.99,nkmd.ru,"FreeBSD 6.1-RELEASE - 6.2",95
62.213.81.216,lfanera.ru,"FreeBSD 5.4-RELEASE",95
62.213.90.254,,"FreeBSD 6.3-RELEASE",98
62.213.98.234,compcomp.ru,"FreeBSD 5.4-RELEASE",95
62.213.113.238,,"FreeBSD 6.1-RELEASE - 6.2",97
62.213.180.1,shared_ip_1-180-213-62.rancepeck.com,"Linux 2.6.32 - 3.2",95
62.214.104.18,ge-12-0-510.fra020ibr002.versatel.de,"Juniper Networks ERX-700 router",95
62.216.35.105,,"Linksys WRV54G WAP",97
62.216.42.192,,"Linksys WRV54G WAP",97
62.217.205.102,,"ipTIME PRO 54G WAP",95
62.221.141.37,,"Juniper MX960 router (JUNOS 9.5R3.7)",96
62.225.65.97,,"Avaya G700 Telephony Media Gateway or Sun Advanced Lights Out Maganer 1.5.2 (VxWorks)",97
62.225.84.245,0172890-1-1-gw.K.DE.NET.DTAG.DE,"Avaya G700 Telephony Media Gateway or Sun Advanced Lights Out Maganer 1.5.2 (VxWorks)",97
62.225.139.209,,"Avaya G700 Telephony Media Gateway or Sun Advanced Lights Out Maganer 1.5.2 (VxWorks)",97
62.225.180.113,,"Avaya G700 Telephony Media Gateway or Sun Advanced Lights Out Maganer 1.5.2 (VxWorks)",97
62.231.28.122,,"Cisco Catalyst 3550 switch (IOS 12.2)",97
62.234.82.238,s3eea52ee.adsl.online.nl,"D-Link DI-504 or DI-704P broadband router, or DI-524 WAP",87
62.238.177.200,kbl-tnz12646.zeelandnet.nl,"Lexmark T654 or X656de printer",99
62.240.12.40,www.mival.rs,"Linux 2.6.18 - 2.6.32",96
62.244.13.50,,"VMware ESXi Server 4.1",97
62.244.25.66,,"FreeBSD 7.1-RELEASE",97
62.244.216.102,,"Cisco SG 200 or SG 300 switch",96
62.245.42.17,,"Linux 2.6.18 (CentOS 5.4)",95
62.245.172.209,host-62-245-172-209.customer.m-online.net,"Avaya G700 Telephony Media Gateway or Sun Advanced Lights Out Maganer 1.5.2 (VxWorks)",97
62.245.185.241,host-62-245-185-241.customer.m-online.net,"Avaya G700 Telephony Media Gateway or Sun Advanced Lights Out Maganer 1.5.2 (VxWorks)",94
62.245.187.185,host-62-245-187-185.customer.m-online.net,"HP ProCurve 2650, 2824, 2848, or 5300xl switch",94
62.249.131.217,,"Microsoft Windows XP Professional SP2",98
63.142.2.31,,"Linux 2.6.18 - 2.6.32",96
63.142.56.96,rewardfinder.net,"D-Link DI-504 or DI-704P broadband router, or DI-524 WAP",88
63.148.207.7,,"Linux 2.6.32 - 3.2",98
63.150.167.153,,"Linux 2.6.8 - 2.6.12",96
63.218.39.52,,"FreeBSD 7.0-RELEASE-p1 - 10.0-CURRENT",96
63.218.39.88,,"Linux 2.6.32 - 3.2",95
63.218.95.211,,"Linux 2.6.32 - 3.2",95
63.218.253.114,viettel.pos11-3.cr02.hkg04.pccwbtn.net,"AVtech Room Alert 26W environmental monitor",90
63.221.86.124,63-221-86-124.static.pccwglobal.net,"F5 BIG-IP 3650 Local Traffic Manager load balancer",99
63.221.208.35,,"Asus RT-N10 router or AXIS 211A Network Camera (Linux 2.6)",95
63.221.215.217,,"Asus RT-N10 router or AXIS 211A Network Camera (Linux 2.6)",99
63.221.219.83,,"Asus RT-N10 router or AXIS 211A Network Camera (Linux 2.6)",99
63.222.226.76,,"Linux 2.6.9 - 2.6.30",98
63.222.228.155,,"Asus RT-N10 router or AXIS 211A Network Camera (Linux 2.6)",95
63.222.229.41,,"Asus RT-N10 router or AXIS 211A Network Camera (Linux 2.6)",95
63.222.230.98,,"Asus RT-N10 router or AXIS 211A Network Camera (Linux 2.6)",95
63.222.236.81,,"Asus RT-N10 router or AXIS 211A Network Camera (Linux 2.6)",99
63.230.196.1,63-230-196-1.phnx.qwest.net,"Linux 2.6.15 - 2.6.27",95
63.243.13.121,uslec-63-243-13-121.cust.uslec.net,"Juniper Networks ERX-700 router",95
63.243.69.121,uslec-63-243-69-121.cust.uslec.net,"Juniper Networks ERX-700 router",95
64.19.7.230,64.19.7.230.nw.nuvox.net,"Fujian Ruijie Star-S2800 switch",95
64.28.182.15,,"Linux 2.6.9 - 2.6.27",94
64.28.182.252,,"Linux 2.6.9 - 2.6.27",95
64.28.183.220,,"Linux 2.6.9 - 2.6.27",95
64.28.187.50,,"Linux 2.6.9 - 2.6.27",95
64.28.187.100,,"Linux 2.6.9 - 2.6.27",95
64.28.187.184,,"Linux 2.6.9 - 2.6.27",95
64.28.188.74,,"Linux 2.6.9 - 2.6.27",95
64.28.189.189,,"Linux 2.6.9 - 2.6.27",95
64.33.45.182,bamkjv.org,"Linux 2.4.32 (x86)",97
64.33.76.88,ad-si.com,"LifeSize video conferencing system or ShoreTel 8800 VoIP phone (Linux 2.4)",96
64.34.217.91,dedicated.trivanihosting.com,"Linux 2.6.32 - 2.6.35",95
64.59.72.91,cs2054.mojohost.com,"Linux 2.6.18 - 2.6.32",96
64.59.85.32,,"Microsoft Windows 2000 SP4",94
64.59.85.218,,"Microsoft Windows 2000 SP4",95
64.59.86.142,,"Microsoft Windows 2000 SP4",94
64.59.86.173,,"Microsoft Windows 2000 SP4",93
64.59.113.181,,"AVM FRITZ!Box FON WLAN 7050, Linksys WAG200G, or Netgear DG834GT wireless broadband router",99
64.59.120.189,wichitamusicteacher.com,"AVM FRITZ!Box FON WLAN 7050, Linksys WAG200G, or Netgear DG834GT wireless broadband router",96
64.59.121.51,danielf.mojohost.com,"Linux 2.4.20",98
64.59.121.231,ratethesebreasts.com,"Linux 2.4.20",99
64.59.127.60,brandisdungeon.net,"Kyocera FS-1118MFP printer",95
64.59.176.35,,"Lantronix MSSLite device server",92
64.62.166.109,,"Linux 2.6.23 - 2.6.38",95
64.62.168.36,,"Linux 3.0 - 3.9",95
64.76.26.2,64-76-26-2.dynamic.impsat.net.ar,"Hotway HDC-U2LA or Vantec NexStar LX NAS device",89
64.76.28.114,64-76-28-114.static.impsat.net.ar,"3Com 4200G or Huawei Quidway S5600 switch",96
64.76.221.122,,"Cisco Aironet 1240AG WAP, C2600 or C2800 router, or C3560 switch (IOS 12.2 - 12.4)",96
64.88.252.82,,"Vyatta 4.1.4 (Linux 2.6.24)",99
64.128.161.195,64.128.161-195.static.twtelecom.net,"FreeBSD 6.2-STABLE - 6.4-STABLE",96
64.130.28.81,,"FreeBSD 7.0-RELEASE-p1 - 10.0-CURRENT",97
64.132.94.167,www.aul.nisys.com,"Linux 2.6.9 - 2.6.33",96
64.132.204.41,nxt.ella.net,"Microsoft Windows 2000 SP4 or Windows XP SP2 or SP3",91
64.132.204.44,vic20.ella.net,"Microsoft Windows Server 2003 SP1 - SP2",87
64.136.156.76,mail.silverander.com,"Microsoft Windows 2000 SP4",82
64.179.72.20,host-64-179-72-20.roc.choiceone.net,"Allnet 2210 webcam, Cisco MDS 9124 or 9216i switch (SAN-OS 3.1 - 3.2), or Nortel IP Phone 1535",97
64.201.242.10,,"PacketFront DRG Ease DRG601-Access switch",94
64.201.251.193,,"PacketFront DRG Ease DRG601-Access switch",93
64.201.251.194,,"PacketFront DRG Ease DRG601-Access switch",93
64.203.184.33,,"Netgear DG834G WAP or Western Digital WD TV media player",96
64.208.21.44,,"Linux 2.6.9 - 2.6.14",96
64.208.108.70,,"Linux 2.6.32 - 3.2",95
64.208.108.80,,"Linux 2.6.32 - 3.2",95
64.208.126.10,smtp1.tessera.com,"Linux 2.6.32 - 3.2",95
64.208.173.144,,"Linux 2.6.32 - 3.2",95
64.208.173.162,,"Thecus 4200 or N5500 NAS device (Linux 2.6.33)",94
64.208.176.34,,"Netgear DG834G WAP or Western Digital WD TV media player",95
64.208.176.43,,"Thecus 4200 or N5500 NAS device (Linux 2.6.33)",94
64.208.176.48,,"Linux 2.6.32 - 3.2",95
64.208.176.144,,"Linux 2.6.32 - 3.2",95
64.208.176.158,,"Microsoft Windows Server 2008 SP1",96
64.208.200.146,,"Microsoft Windows 7 SP0 - SP1, Windows Server 2008 SP1, or Windows 8",95
64.208.241.39,,"Linux 2.6.32 - 3.2",95
64.208.241.59,,"Linux 2.6.32 - 3.2",95
64.209.38.231,,"Linux 2.6.32 - 3.2",94
64.209.38.236,,"Linux 2.6.32 - 3.2",95
64.210.72.21,,"Linux 2.6.32 - 3.2",95
64.211.21.74,,"Linux 2.6.32 - 3.2",95
64.211.144.6,,"Linux 2.6.32 - 3.2",99
64.211.144.149,,"Linux 2.6.32 - 3.2",95
64.211.144.180,,"Linux 2.6.32 - 3.2",95
64.211.162.7,,"Microsoft Windows Server 2008 SP2",95
64.211.168.29,,"Linux 2.6.32 - 3.2",95
64.211.192.42,,"Fujian Ruijie Star-S2800 switch",95
64.211.203.24,,"Linux 2.6.32 - 3.2",95
64.211.203.192,,"Linux 2.6.32 - 3.2",95
64.211.203.198,,"Linux 2.6.32 - 3.2",95
64.212.100.28,,"Linux 2.6.32 - 3.2",95
64.212.172.186,,"Linux 2.6.32 - 3.2",98
64.213.23.126,,"Cisco Aironet 1240AG WAP, C2600 or C2800 router, or C3560 switch (IOS 12.2 - 12.4)",96
64.213.102.41,,"Linux 2.6.32 - 3.2",95
64.214.54.27,,"Linux 2.6.32 - 3.2",95
64.214.54.100,,"Linux 2.6.32 - 3.2",98
64.214.140.102,,"Cisco 5300 router (IOS 12.1)",98
64.214.145.66,comodo-group-inc.gigabitethernet3-36.ar4.lon3.gblx.net,"Juniper Networks J2320 or MX5-T router; or EX2200, EX3200, EX4200, or EX8200 switch (JUNOS 8.5 - 11.2)",95
64.214.226.105,,"Linux 2.6.32 - 3.2",98
64.214.227.63,,"Linux 2.6.32 - 3.2",95
64.214.227.121,,"Linux 2.6.32 - 3.2",95
64.214.227.197,,"Linux 2.6.32 - 3.2",95
64.215.98.147,name.lon.gblx.net,"IBM AIX 5.1 or 5.2",96
64.215.147.36,,"Microsoft Windows Server 2008 SP2",96
64.215.147.54,,"Microsoft Windows Vista SP0 - SP2, Windows Server 2008, or Windows 7 Ultimate",94
64.215.147.61,,"Microsoft Windows Vista SP0 - SP2, Windows Server 2008, or Windows 7 Ultimate",96
64.215.147.123,,"Linux 2.6.32 - 3.2",99
64.215.172.233,,"Linux 2.6.32 - 3.2",95
64.230.152.39,dpi21-hamilton14.net.bell.ca,"Canon imageRUNNER C3580 printer",96
64.230.232.88,,"Canon imageRUNNER C3580 printer",96
64.231.150.1,,"Juniper Networks ERX-700 router",95
64.250.50.16,,"OpenWrt (Linux 2.4.32)",94
64.250.53.16,,"OpenWrt (Linux 2.4.32)",94
64.250.53.40,,"OpenWrt (Linux 2.4.32)",94
65.16.199.195,host65-16-199-195.birch.net,"Netopia 3366 ADSL router",95
65.36.87.179,xe-0-0-2-836.AUSTTXVFG001.aggr08.austtx.grandecom.net,"Juniper M7i router",95
65.39.178.85,www.stealthsurfer.com,"Citrix NetScaler load balancer",87
65.39.192.98,,"Juniper MX960 router (JUNOS 9.5R3.7)",98
65.39.195.166,,"D-Link DI-504 or DI-704P broadband router, or DI-524 WAP",87
65.39.210.8,,"D-Link DI-504 or DI-704P broadband router, or DI-524 WAP",84
65.46.111.174,ip65-46-111-174.z111-46-65.customer.algx.net,"Cisco Aironet 1130 WAP (IOS 12.4)",96
65.46.121.246,ip65-46-121-246.z121-46-65.customer.algx.net,"HP ProCurve 2650 switch or Konica Minolta bizhub C450 printer",95
65.60.76.234,65-60-76-234.static-ip.telepacific.net,"D-Link DI-504 or DI-704P broadband router, or DI-524 WAP",84
65.66.243.246,adsl-65-66-243-246.dsl.rcsntx.swbell.net,"Juniper Networks ERX-700 router",92
65.77.128.188,188-128.reverse.pcteleports.com,"Linux 2.6.32 - 3.2",95
65.94.236.1,bas16-ottawa23-1096739841.dsl.bell.ca,"Juniper Networks ERX-700 router",95
65.95.210.1,,"Juniper Networks ERX-700 router",95
65.121.209.60,,"Linux 2.6.32 - 3.2",95
65.186.31.44,voip-65-186-31-44.cinci.rr.com,"Nortel BayStack 460 switch, or Linksys BEFCMU10 or Motorola SURFboard SB5100 cable modem",99
65.254.15.7,gcmailrelay.exobitnetworks.com,"Asus RT-N10 router or AXIS 211A Network Camera (Linux 2.6)",99
66.10.83.110,adsl-66-10-83-110.dsl.irvnca.sbcglobal.net,"Netopia 3366 ADSL router",96
66.39.4.18,qs2877.pair.com,"FreeBSD 7.0-RELEASE-p1 - 10.0-CURRENT",97
66.39.31.92,politicalx.com,"FreeBSD 8.0-STABLE",94
66.39.35.2,artsinscience.com,"FreeBSD 8.0-STABLE",94
66.39.36.78,germandmess.ca,"FreeBSD 7.0-RELEASE-p1 - 10.0-CURRENT",95
66.39.43.81,lost-texans.com,"FreeBSD 7.0-RELEASE-p1 - 10.0-CURRENT",96
66.39.93.63,fileext.com,"FreeBSD 7.0-RELEASE-p1 - 10.0-CURRENT",95
66.39.97.136,stolnacker.com,"FreeBSD 8.0-STABLE",94
66.39.98.210,timezone.com,"FreeBSD 7.0-RELEASE-p1 - 10.0-CURRENT",95
66.39.99.175,ilydashop.gr,"FreeBSD 8.0-STABLE",94
66.39.101.170,consultech.biz,"FreeBSD 7.0-RELEASE-p1 - 10.0-CURRENT",96
66.39.107.154,villasdellago.com,"FreeBSD 7.0-RELEASE-p1 - 10.0-CURRENT",96
66.39.110.216,media.todayfm.com,"FreeBSD 7.0-RELEASE-p1 - 10.0-CURRENT",95
66.50.15.130,66-50-15-130.prtc.net,"D-Link DI-504 or DI-704P broadband router, or DI-524 WAP",87
66.60.14.45,host-45.14.60.66-te.adsl.skyonline.net,"Linux 2.6.14 - 2.6.30",99
66.91.109.214,cpe-66-91-109-214.hawaii.res.rr.com,"D-Link DI-504 or DI-704P broadband router, or DI-524 WAP",87
66.114.52.14,,"Linux 2.6.37 (OpenSUSE 11.4)",96
66.114.54.190,,"Linux 2.6.9 - 2.6.30",96
66.131.94.19,modemcable019.94-131-66.mc.videotron.ca,"Kyocera FS-1118MFP printer",96
66.131.177.213,modemcable213.177-131-66.mc.videotron.ca,"Comtrend CT536 wireless ADSL router",95
66.137.183.201,adsl-66-137-183-201.dsl.spfdmo.swbell.net,"Network Systems BorderGuard 1000 firewall",80
66.150.168.168,thinks.im5media.com,"Linux 2.6.9 - 2.6.30",96
66.162.239.150,,"F5 BIG-IP 3650 Local Traffic Manager load balancer",88
66.179.150.104,,"Apple TV (iOS 5.2.1)",94
66.192.236.213,66-192-236-213.static.twtelecom.net,"Fujian Ruijie Star-S2800 switch",95
66.194.154.82,66-194-154-82.static.twtelecom.net,"Cisco 2620 or 3620 router (IOS 12.1 - 12.3)",96
66.195.129.24,,"Linksys WRV54G WAP",97
66.195.132.5,,"HP LaserJet (1020-, 2010-, 2600-, 2800-, 3050-, or 3390-series), or Brother (DCP-375CW, HL-5250DN, HL-22700W, MFC-7840N, MFC-8860DN, or MFC-9970CDW) printer; or Sony SNC-RZ30N network camera",93
66.195.235.214,66-195-235-214.static.twtelecom.net,"Adtran NetVanta 3200 or Total Access 908 ADSL router",98
66.196.65.46,UNKNOWN-66-196-65-X.yahoo.com,"Juniper M7i router",93
66.198.168.139,,"Cisco Nexus 7010 switch (NX-OS 5)",96
66.199.5.73,,"HP ProLiant BL p-Class C-Gbe2 switch",91
66.199.21.158,,"Fujian Ruijie Star-S2800 switch",92
66.199.184.139,,"Cisco ACE load balancer",90
66.199.184.148,,"Citrix NetScaler load balancer",90
66.211.126.27,66.211.126.27.adsl.fultontelephone.net,"Linux 2.6.15 - 2.6.26 (likely embedded)",92
66.219.100.120,nameservices.net,"Linux 2.6.32 - 2.6.35",96
66.219.101.55,esx2.nfstc.ateamservers.com,"Linux 2.6.18",94
66.220.8.242,,"Linux 2.6.23 - 2.6.38",95
66.220.137.101,wireless-lg-101.cvctx.com,"Dell PowerConnect 6248, or Enterasys B3 BG3124 or D2 D2G124 switch",94
66.220.138.27,wireless-fytvll-27.cvctx.com,"Dell PowerConnect 6248, or Enterasys B3 BG3124 or D2 D2G124 switch",94
66.225.167.109,dsl-66-225-167-109.vianet.ca,"Alcatel 4035 VoIP phone",92
66.232.131.20,,"Microsoft Windows 2000 SP4",97
66.232.131.215,,"Microsoft Windows 2000 SP4",98
66.255.137.225,uslec-66-255-137-225.cust.uslec.net,"Juniper Networks ERX-700 router",95
67.1.4.137,67-1-4-137.tcso.qwest.net,"Netopia 3366 ADSL router",96
67.5.121.225,67-5-121-225.spok.qwest.net,"Motorola 2210-02 ADSL modem",95
67.17.160.18,ABS.e1-4-0-0-45.ar2.LON3.gblx.net,"Cisco 2900XL switch (IOS 11.2)",99
67.18.0.29,1d.0.1243.static.theplanet.com,"D-Link DI-504 or DI-704P broadband router, or DI-524 WAP",87
67.23.248.140,67-23-248-140.static.dimenoc.com,"Konica Minolta 1600f printer",86
67.40.85.39,67-40-85-39.phnx.qwest.net,"Netopia 3366 ADSL router",96
67.59.68.241,67-59-68-241.newqc.com,"Juniper Networks M10 or M320 router (JUNOS 7.4R3.4)",97
67.65.95.238,adsl-67-65-95-238.dsl.rcsntx.swbell.net,"Juniper Networks ERX-700 router",95
67.68.199.93,bas10-montrealak-1128580957.dsl.bell.ca,"OpenWrt (Linux 2.4.32)",94
67.69.196.26,,"Asus RT-AC66U router (Linux 2.6)",91
67.69.196.32,,"Asus RT-AC66U router (Linux 2.6)",91
67.69.196.167,,"Asus RT-AC66U router (Linux 2.6)",91
67.101.69.114,h-67-101-69-114.lsan.ca.megapath.net,"D-Link DI-504 or DI-704P broadband router, or DI-524 WAP",87
67.103.184.185,h-67-103-184-185.phnd.az.megapath.net,"IBM AIX 5.3",89
67.107.224.75,,"OpenWrt (Linux 2.4.32)",94
67.113.92.25,angelcopr.com,"Apple Mac OS X 10.6.8 (Snow Leopard) (Darwin 10.8.0)",88
67.201.130.170,xplr-67-201-130-170.xplornet.com,"D-Link DI-504 or DI-704P broadband router, or DI-524 WAP",87
67.209.78.197,amh-bb-dynamic-pppoe10-704.dsl.airstreamcomm.net,"Linux 2.6.15 - 2.6.27",96
67.209.114.167,,"Linux 2.6.9 - 2.6.30",96
67.209.115.11,,"Linux 2.6.9 - 2.6.30",96
67.210.5.51,x.xuberant.net,"Linux 2.6.9 - 2.6.27",95
67.210.11.129,x.xuberant.net,"Linux 2.6.9 - 2.6.27",95
67.210.12.146,x.xuberant.net,"Linux 2.6.9 - 2.6.27",95
67.210.14.132,x.xuberant.net,"Linux 2.6.9 - 2.6.27",95
67.210.14.189,x.xuberant.net,"Linux 2.6.9 - 2.6.27",95
67.210.15.212,x.xuberant.net,"Linux 2.6.9 - 2.6.27",95
67.217.175.25,pccw.ash02-mls-dc-bdr-a.latisys.net,"Juniper MX960 router (JUNOS 9.5R3.7)",95
67.245.85.147,mta-67-245-85-147.nyc.res.rr.com,VxWorks,99
68.68.111.137,,"Netgear ReadyNAS Ultra 2 NAS device (RAIDiator 4.2.21)",99
68.71.48.235,,"Sagem My du@l radio 700 Internet radio",85
68.77.65.94,adsl-68-77-65-94.dsl.ipltin.ameritech.net,"Microsoft Windows Vista SP2",88
68.89.187.119,ppp-68-89-187-119.dsl.hstntx.swbell.net,"WatchGuard firewall (Fireware 11.3)",94
68.94.24.103,adsl-68-94-24-103.dsl.rcsntx.swbell.net,"Meru MC1000 wireless LAN controller",89
68.97.173.70,ip68-97-173-70.ok.ok.cox.net,"Microsoft Windows 7 SP1",91
68.98.254.246,,"Vegastream Vega 400 VoIP Gateway",89
68.98.255.20,,"Vegastream Vega 400 VoIP Gateway",89
68.98.255.185,,"Vegastream Vega 400 VoIP Gateway",91
68.99.36.155,,"Vegastream Vega 400 VoIP Gateway",89
68.99.38.249,,"Vegastream Vega 400 VoIP Gateway",91
68.99.39.193,,"Vegastream Vega 400 VoIP Gateway",89
68.107.213.122,,"Vegastream Vega 400 VoIP Gateway",89
68.111.110.251,,"Vegastream Vega 400 VoIP Gateway",89
68.142.100.222,fr3.mia1.llnw.net,"Foundry NetIron MLX switch (IronWare 3.8.0)",96
68.142.154.65,builder.pureplay.com,"Foundry FastIron switch (4802, FESX, GS 648P, X448, or II Plus) (IronWare)",91
68.227.178.151,,"Vegastream Vega 400 VoIP Gateway",89
68.232.97.169,,"Asus RT-N10 router or AXIS 211A Network Camera (Linux 2.6)",99
68.232.172.194,68.232.172.194.choopa.net,"Linux 2.6.18 - 2.6.32",98
68.232.182.38,68.232.182.38.choopa.net,"Linux 2.6.18 - 2.6.32",99
68.232.182.103,68.232.182.103.choopa.net,"Linux 2.6.18 - 2.6.32",99
69.6.206.196,,"Linux 2.6.32 - 2.6.35",95
69.9.32.27,pivotalspace.dmarc.nj3.atlanticmetro.net,"FreeBSD 4.11-RELEASE (x86)",97
69.22.162.137,,"Linux 2.6.32 - 3.2",98
69.25.131.76,,"Linux 2.6.18 - 2.6.32",96
69.28.171.15,fr3.ams.llnw.net,"Foundry BigIron RX switch, NetIron MLX switch, or NetIron 4000 XMR switch (IronWare 2.2.1 - 3.6.0)",98
69.31.101.148,,"D-Link DI-504 or DI-704P broadband router, or DI-524 WAP",87
69.37.6.150,69.37.6.150.adsl.snet.net,"Apple AirPort Extreme WAP",83
69.39.83.246,www.electricviolence.com,"Sun Solaris 9 or 10 (SPARC)",94
69.63.61.198,node-11715.tor.pppoe.execulink.com,"Linksys WRV54G WAP",93
69.131.140.25,h69-131-140-25.lwptky.dsl.dynamic.tds.net,"Linux 2.6.9 - 2.6.30",96
69.135.108.39,voip-69-135-108-39.columbus.rr.com,"Nortel BayStack 460 switch, or Linksys BEFCMU10 or Motorola SURFboard SB5100 cable modem",99
69.137.134.160,c-69-137-134-160.hsd1.pa.comcast.net,"D-Link DVG-5112S or DVG-6004S VoIP adapter",96
69.144.95.87,hlnmt002dr9.int.bresnan.net,"Juniper MX960 router (JUNOS 9.5R3.7)",98
69.164.26.124,cds402.mia.llnw.net,"FreeBSD 7.0-RELEASE",94
69.164.27.7,cds406.mia.llnw.net,"VMware ESXi Server 4.1",94
69.164.27.16,cds415.mia.llnw.net,"FreeBSD 7.0-RELEASE",94
69.164.27.31,cds430.mia.llnw.net,"FreeBSD 7.0-RELEASE",94
69.164.219.171,firebrick.mailer.sajenn.com,"Linux 2.6.32",95
69.169.64.23,,"Linux 2.6.13 - 2.6.32",96
69.169.90.132,90.169.69.in-addr.arpa.bigbrainhost.com,"Linux 2.6.18",95
69.170.26.109,69-170-26-109.static-ip.telepacific.net,"Juniper MX960 router (JUNOS 9.5R3.7)",97
70.24.89.1,bas3-clarkson16-1176000769.dsl.bell.ca,"Juniper Networks ERX-700 router",95
70.25.42.1,QUBCPQ14_gateway.sdsl.bell.ca,"Juniper Networks ERX-700 router",95
70.26.225.1,bas12-quebec14-1176166657.dsl.bell.ca,"Juniper Networks ERX-700 router",95
70.27.45.1,bas1-windsor13-1176186113.dsl.bell.ca,"Juniper Networks ERX-700 router",95
70.29.184.1,bas11-montreal28-1176352769.dsl.bell.ca,"Juniper Networks ERX-700 router",95
70.40.99.152,network152grp.bayviewtek.net,"Linux 2.6.24",96
70.41.163.77,70-41-163-77.cust.wildblue.net,"D-Link DI-504 or DI-704P broadband router, or DI-524 WAP",87
70.41.171.209,70-41-171-209.cust.wildblue.net,"Schweitzer Engineering SEL-2701 Ethernet processor",84
70.43.20.10,70.43.20.10.nw.nuvox.net,"Fujian Ruijie Star-S2800 switch",92
70.66.108.220,S010600103fe190fe.du.shawcable.net,"Inova OnTime Clock Version 1.2.P",93
70.70.64.10,S010600103f053f0b.va.shawcable.net,"Inova OnTime Clock Version 1.2.P",93
70.70.83.158,S010600103f04bfb7.vw.shawcable.net,"Inova OnTime Clock Version 1.2.P",93
70.72.146.243,,"LifeSize video conferencing system or ShoreTel 8800 VoIP phone (Linux 2.4)",96
70.93.123.99,mta-70-93-123-99.socal.rr.com,VxWorks,96
70.93.149.246,mta-70-93-149-246.socal.rr.com,VxWorks,92
70.96.78.21,,"Linksys BEFSR41 EtherFast router",91
70.131.158.16,adsl-70-131-158-16.dsl.emhril.sbcglobal.net,"Billion 7404VGP-M ADSL router",89
70.154.236.9,adsl-070-154-236-009.sip.dab.bellsouth.net,"Netopia 3366 ADSL router",93
71.6.26.17,71-6-26-17.static-ip.telepacific.net,"Juniper MX960 router (JUNOS 9.5R3.7)",97
71.16.149.85,uslec-71.16.149.85.cust.uslec.net,"Juniper Networks ERX-700 router",95
71.18.0.65,diedeko-bb.de,"D-Link DI-504 or DI-704P broadband router, or DI-524 WAP",87
71.25.15.238,me8892c078c33.bvrt3.or.comcast.net,VxWorks,99
71.30.220.17,h17.220.30.71.static.ip.windstream.net,"Juniper MX960 router (JUNOS 9.5R3.7)",93
71.66.193.162,voip-71-66-193-162.columbus.rr.com,"Nortel BayStack 460 switch, or Linksys BEFCMU10 or Motorola SURFboard SB5100 cable modem",99
71.69.7.47,twdp-071-069-007-047.triad.res.rr.com,VxWorks,99
71.122.43.203,pool-71-122-43-203.tampfl.dsl-w.verizon.net,"D-Link DI-504 or DI-704P broadband router, or DI-524 WAP",87
71.123.133.1,L100.DLLSTX-VFTTP-14.verizon-gni.net,"Juniper Networks ERX-700 router",92
71.164.151.1,L101.DLLSTX-VFTTP-59.verizon-gni.net,"Juniper Networks ERX-700 router",95
71.171.94.1,L101.CLPPVA-VFTTP-14.verizon-gni.net,"MOXA NPort 5210 serial device server",81
71.190.145.1,L102.NYCMNY-VFTTP-114.verizon-gni.net,"Juniper Networks ERX-700 router",95
71.221.82.102,71-221-82-102.eugn.qwest.net,"Netopia 3366 ADSL router",96
71.224.36.48,c-71-224-36-48.hsd1.pa.comcast.net,"D-Link DI-504 or DI-704P broadband router, or DI-524 WAP",87
71.246.50.1,L101.LSANCA-VFTTP-108.verizon-gni.net,"Juniper Networks ERX-700 router",92
71.249.253.211,mail.rsclark.org,"Sagem My du@l radio 700 Internet radio",85
72.8.146.39,.,"Linux 2.6.18 - 2.6.32",96
72.11.168.143,72-11-168-143.cpe.axion.ca,"Linksys SPA942, SPA962, or SPA9000 VoIP phone; SPA3102 VoIP adapter; or Sipura SPA-2100-series VoIP adapter",99
72.12.203.38,www.cdcresources.org,"FreeBSD 8.0-STABLE",95
72.18.235.217,72-18-235-217.static-ip.telepacific.net,"Juniper MX960 router (JUNOS 9.5R3.7)",95
72.21.89.211,edgecastcdn.net,"Linux 2.6.32 - 3.2",98
72.26.217.109,,"Linux 2.6.24",96
72.35.11.18,,"Cisco 5300 router (IOS 12.3)",88
72.50.15.184,adsl-72-50-15-184.prtc.net,"3Com SuperStack 3 Switch 3870",83
72.52.78.193,,"Linux 2.6.17 - 2.6.36",96
72.134.139.204,mta-72-134-139-204.dc.rr.com,VxWorks,96
72.134.149.206,mta-72-134-149-206.dc.rr.com,VxWorks,95
72.172.0.30,h30.0.172.72.dynamic.ip.windstream.net,"Juniper MX960 router (JUNOS 9.5R3.7)",95
72.173.89.148,,"Sony Ericsson U8i Vivaz mobile phone",90
72.173.151.121,,"Sagem My du@l radio 700 Internet radio",83
72.229.78.83,mta-72-229-78-83.nj.res.rr.com,VxWorks,99
72.238.254.16,72-238-254-16.res.bhn.net,"Sagem My du@l radio 700 Internet radio",84
72.239.144.231,72-239-144-231.res.bhn.net,VxWorks,98
72.246.25.89,a72-246-25-89.deploy.akamaitechnologies.com,"Linux 2.6.32 - 3.2",98
72.246.43.135,a72-246-43-135.deploy.akamaitechnologies.com,"Microsoft Windows Vista SP0 - SP2, Windows Server 2008, or Windows 7 Ultimate",94
72.246.194.117,a72-246-194-117.deploy.akamaitechnologies.com,"Linux 2.6.9 - 2.6.30",96
72.247.4.19,a72-247-4-19.deploy.akamaitechnologies.com,"Linux 2.6.9 - 2.6.30",92
74.12.97.12,bas1-toronto47-1242325260.dsl.bell.ca,"Linksys WRV54G WAP",94
74.22.89.117,m0015a406de72.atla.ga.comcast.net,"Linux 2.6.9 - 2.6.33",97
74.58.97.28,modemcable028.97-58-74.mc.videotron.ca,"Linux 2.4.18 - 2.4.35 (likely embedded)",96
74.64.184.212,mta-74-64-184-212.nyc.res.rr.com,VxWorks,99
74.91.5.142,556iggo.spikeprofit.com,"D-Link DI-504 or DI-704P broadband router, or DI-524 WAP",87
74.118.38.10,ss.durings.com,"Linux 2.6.32",96
74.124.15.29,cust-74-124-15-29.dllstx01.corexchange.com,"Juniper MX960 router (JUNOS 9.5R3.7)",95
74.124.30.73,cust-74-124-30-73.dllstx01.corexchange.com,"Juniper JUNOS 10.4R6.5",91
74.152.118.52,m0015d09fa49b.bstn.ma.comcast.net,"D-Link DI-504 or DI-704P broadband router, or DI-524 WAP",87
74.157.179.15,m001596139814.ptld.or.comcast.net,VxWorks,99
74.172.241.22,adsl-074-172-241-022.sip.bna.bellsouth.net,"D-Link DI-504 or DI-704P broadband router, or DI-524 WAP",87
74.177.123.234,adsl-74-177-123-234.gsp.bellsouth.net,"2Wire 2700HG-B wireless ADSL modem",95
74.198.180.163,,"Digi One SP serial-to-Ethernet bridge",98
74.202.102.46,74-202-102-46.static.twtelecom.net,"Linux 2.6.15 (Ubuntu)",95
74.203.223.249,zap23.sixfeetup.com,"FreeBSD 7.0-RELEASE-p1 - 10.0-CURRENT",97
74.206.162.41,41.162.206.74.casalamander.info,"Linux 2.6.18 - 2.6.32",96
74.206.172.32,directadvertiser.info,"Linux 2.6.18 - 2.6.32",96
74.206.178.6,6.178.206.74.oplusinc.com,"Linux 2.6.24",97
74.206.179.48,48.179.206.74.gseowh.com,"Linux 2.6.18",95
74.206.184.10,10.184.206.74.gseowh.com,"Linux 2.6.9 - 2.6.14",96
74.210.244.40,74-210-244-40.ri.cgocable.ca,"D-Link DVG-5112S or DVG-6004S VoIP adapter",96
74.216.17.100,wnpgmb0285w-ad03-17-100.dynamic.mtsallstream.net,"Epson Artisan 810 printer",93
74.216.47.11,wnpgmb0516w-ad03-47-11.dynamic.mtsallstream.net,"D-Link DI-504 or DI-704P broadband router, or DI-524 WAP",87
74.217.152.110,,"Linux 2.6.18 - 2.6.32",96
74.217.154.247,,"Asus RT-N10 router or AXIS 211A Network Camera (Linux 2.6)",95
74.217.158.164,,"Linux 2.6.18 - 2.6.32",96
75.36.181.85,adsl-75-36-181-85.dsl.pltn13.sbcglobal.net,"Netopia 3366 ADSL router",94
75.53.7.126,adsl-75-53-7-126.dsl.sfldmi.sbcglobal.net,"2Wire BT2700HG-V ADSL modem",84
75.59.152.54,adsl-75-59-152-54.dsl.wlfrct.sbcglobal.net,"Cisco Catalyst 1900 Switch, Software v9.00.03",94
75.74.161.25,c-75-74-161-25.hsd1.fl.comcast.net,"Linux 2.6.9 - 2.6.33",93
75.76.40.17,dynamic-75-76-40-17.knology.net,"Juniper M7i router",97
75.83.16.87,cpe-75-83-16-87.socal.res.rr.com,"D-Link DI-504 or DI-704P broadband router, or DI-524 WAP",87
75.105.223.210,,"D-Link DI-504 or DI-704P broadband router, or DI-524 WAP",87
75.105.226.239,,"D-Link DI-504 or DI-704P broadband router, or DI-524 WAP",87
75.147.96.17,75-147-96-17-Philadelphia.hfc.comcastbusiness.net,"Microsoft Windows Server 2003 SP2",91
75.156.76.1,d75-156-76-1.bchsia.telus.net,"Alcatel-Lucent 7750 Service Router (SR OS 9.0.R9)",92
75.186.191.213,voip-75-186-191-213.neo.rr.com,VxWorks,99
75.188.11.24,voip-75-188-11-24.woh.rr.com,"Nortel BayStack 460 switch, or Linksys BEFCMU10 or Motorola SURFboard SB5100 cable modem",99
75.202.82.87,87.sub-75-202-82.myvzw.com,"Microsoft Windows NT 4.0",82
75.226.154.77,77.sub-75-226-154.myvzw.com,"Apple iOS 4.3.1 - 4.3.5",92
76.61.86.132,,VxWorks,98
76.65.86.1,bas18-montreal02-1279350273.dsl.bell.ca,"Juniper Networks ERX-700 router",95
76.70.248.195,,"D-Link DI-504 or DI-704P broadband router, or DI-524 WAP",87
76.75.100.64,core2.toronto1.nexicom.net,"Juniper MX960 router (JUNOS 9.5R3.7)",95
76.75.100.84,core1.toronto2.nexicom.net,"Juniper MX960 router (JUNOS 9.5R3.7)",95
76.77.181.138,76-77-181-138.paxio.net,"PacketFront DRG Ease DRG601-Access switch",93
76.77.181.157,76-77-181-157.paxio.net,"PacketFront DRG Ease DRG601-Access switch",93
76.77.185.65,76-77-185-65.paxio.net,"PacketFront DRG Ease DRG601-Access switch",93
76.77.186.75,76-77-186-75.paxio.net,"PacketFront DRG Ease DRG601-Access switch",93
76.77.190.74,76-77-190-74.paxio.net,"PacketFront DRG Ease DRG601-Access switch",93
76.77.190.175,76-77-190-175.paxio.net,"PacketFront DRG Ease DRG601-Access switch",93
76.80.23.242,mta-76-80-23-242.socal.rr.com,VxWorks,99
76.92.29.164,mta-76-92-29-164.natcky.res.rr.com,"Linux 2.6.9 - 2.6.33",97
76.97.165.185,c-76-97-165-185.hsd1.ga.comcast.net,"Gemtek P360 WAP or Siemens Gigaset SE515dsl wireless broadband router",96
76.131.22.171,m0015cfa75230.atlt3.ga.comcast.net,"Scientific Atlanta WebSTAR EPC2203 cable modem",85
76.134.35.151,m001e6944fb76.dnvr.co.comcast.net,VxWorks,99
76.141.64.221,m001dd12eec63.denv4.co.comcast.net,"Linux 2.6.9 - 2.6.33",97
76.159.19.209,m001e69760b69.npls4.fl.comcast.net,"OpenWrt White Russian 0.9 (Linux 2.4.30)",96
76.195.252.150,adsl-76-195-252-150.dsl.pltn13.sbcglobal.net,"Netopia 3346N-VGx ADSL router",96
77.34.4.5,,"Juniper Networks ERX-700 router",96
77.34.17.226,,"Linux 2.6.14 - 2.6.30",97
77.34.50.129,,"Juniper Networks ERX-700 router",94
77.34.90.66,,"Linux 2.6.14 - 2.6.30",97
77.34.93.15,,"Microsoft Windows XP SP2 or SP3",96
77.34.94.194,,"Microsoft Windows 7 SP0 - SP1",95
77.34.104.3,,"Microsoft Windows XP SP2 or SP3",96
77.34.111.214,,"Microsoft Windows XP SP2 or SP3",96
77.34.170.95,,"Linux 2.4.33 (embedded)",96
77.35.7.192,77-35-7-192.pppoe.primorye.net.ru,"Linux 2.6.14 - 2.6.30",97
77.35.245.253,,"Linux 2.6.14 - 2.6.30",93
77.36.73.1,77-36-73-1.itelecom.ro,"Linux 2.6.18 - 2.6.31",97
77.37.12.119,mx1.unixguru.nl,"Linux 2.6.17 - 2.6.36",95
77.45.48.137,77-45-48-137.sta.asta-net.com.pl,"D-Link DI-504 or DI-704P broadband router, or DI-524 WAP",87
77.45.240.211,211.240.c10008-a53.dsl-dynamic.vsi.ru,"Linux 1.0.9",96
77.47.192.219,,"Linux 2.6.18",95
77.51.91.198,,"Linux 2.6.15 - 2.6.27",95
77.51.194.58,,"Huawei SmartAX MT800u-T ADSL router, NexStor Nexsan ATABoy2x NAS device, ZyXEL ES-4024A switch, or ZyXEL Prestige 650HW or 660HW ADSL router",95
77.51.254.251,TMB-CRS2-MSK-CRS1.ip.center.rt.ru,"Cisco IOS XR 4.1.1",94
77.66.240.20,,"Linksys BEFSR41 EtherFast router",91
77.67.20.32,,"Linux 2.6.32 - 3.2",96
77.67.20.177,,"Linux 2.6.32 - 3.2",95
77.67.21.22,,"Linux 2.6.32 - 3.2",98
77.67.21.59,,"Linux 2.6.32 - 3.2",99
77.67.21.95,,"Microsoft Windows Vista SP0 - SP2, Windows Server 2008, or Windows 7 Ultimate",94
77.67.27.53,,"Linux 2.6.32 - 3.2",95
77.67.29.105,,"Linux 2.6.32 - 3.2",98
77.67.30.172,,"Microsoft Windows Server 2008 SP2",96
77.67.64.190,antilo-gw.ip4.tinet.net,"Foundry FastIron switch (4802, FESX, GS 648P, X448, or II Plus) (IronWare)",97
77.67.68.10,peer1-gw.ip4.tinet.net,"Juniper M7i router",96
77.67.82.18,stadtwerke-hall-gw.ip4.tinet.net,"Linux 2.6.36 - 2.6.37",98
77.67.85.127,,"Microsoft Windows Vista SP0 - SP2, Windows Server 2008, or Windows 7 Ultimate",96
77.67.91.123,,"Linux 2.6.32 - 3.2",94
77.67.91.135,,"Linux 2.6.32 - 3.2",95
77.67.96.250,,"Linux 2.6.32 - 3.2",95
77.67.98.106,,"Linux 2.6.32 - 3.2",98
77.67.98.108,,"Linux 2.6.32 - 3.2",95
77.67.127.25,,"OpenWrt (Linux 2.4.32)",94
77.70.32.91,,"Linux 2.4.20",96
77.70.52.89,,"Linux 2.6.9 - 2.6.33",96
77.70.53.129,,"Netgear GS108T or GS748Tv3 switch (eCos)",96
77.72.113.1,,"Linux 2.6.9 - 2.6.30",99
77.72.200.2,,"Juniper M7i router",95
77.72.207.226,,"Juniper Networks J2320 or MX5-T router; or EX2200, EX3200, EX4200, or EX8200 switch (JUNOS 8.5 - 11.2)",95
77.73.97.189,brtr-1.ant.nucleus.be,"OpenBSD 3.9 - 4.4",95
77.77.165.116,77.77.165.116.client.entry.bg,"Linux 2.4.33 (embedded)",97
77.77.220.78,wifi-sa-77-77-220-78.dynamic.telemach.ba,"MikroTik RouterOS 3.30",97
77.79.14.1,gw5.duomenucentras.lt,"Linux 3.1 - 3.2",98
77.79.151.187,77.79.151.187.dynamic.ufanet.ru,"Linux 2.6.24 - 2.6.25",96
77.85.10.130,77-85-10-130.btc-net.bg,"Linux 2.6.14 - 2.6.30",97
77.85.76.102,77-85-76-102.btc-net.bg,"Linux 2.6.14 - 2.6.30",97
77.85.103.2,77-85-103-2.btc-net.bg,"Linux 2.6.15 - 2.6.27",96
77.85.107.117,77-85-107-117.btc-net.bg,"Linux 2.6.14 - 2.6.30",97
77.85.111.150,77-85-111-150.btc-net.bg,"Linux 2.6.14 - 2.6.30",97
77.85.111.242,77-85-111-242.btc-net.bg,"Linux 2.6.14 - 2.6.30",93
77.85.112.79,77-85-112-79.btc-net.bg,"Linux 2.6.14 - 2.6.30",97
77.85.115.200,77-85-115-200.btc-net.bg,"Linux 2.6.14 - 2.6.30",97
77.85.117.122,77-85-117-122.btc-net.bg,"Linux 2.6.14 - 2.6.30",97
77.85.131.69,77-85-131-69.btc-net.bg,"Linux 2.6.15 - 2.6.27",96
77.85.158.172,77-85-158-172.btc-net.bg,"Linux 2.6.14 - 2.6.30",97
77.85.161.75,77-85-161-75.btc-net.bg,"Linux 2.6.14 - 2.6.30",97
77.85.162.19,77-85-162-19.btc-net.bg,"Linux 2.6.14 (ASPLinux 11)",95
77.85.162.57,77-85-162-57.btc-net.bg,"Linux 2.6.14 (ASPLinux 11)",95
77.85.174.38,77-85-174-38.btc-net.bg,"Linux 2.6.14 - 2.6.30",97
77.85.195.241,77-85-195-241.btc-net.bg,"Juniper M7i router",92
77.85.196.9,,"Juniper M7i router",92
77.85.196.81,,"Juniper Networks J2320 or MX5-T router; or EX2200, EX3200, EX4200, or EX8200 switch (JUNOS 8.5 - 11.2)",92
77.85.200.19,,"Linux 2.6.32",96
77.85.212.75,,"LifeSize video conferencing system or ShoreTel 8800 VoIP phone (Linux 2.4)",96
77.85.237.241,77-85-237-241.btc-net.bg,"Juniper M7i router",92
77.85.237.249,77-85-237-249.btc-net.bg,"Juniper M7i router",92
77.85.248.199,,"Linux 2.6.35",95
77.87.41.1,central-41.7upnet.kiev.ua,"D-Link DES-7210 switch",96
77.87.104.81,bl5.nomao.com,"Linux 2.6.38 - 3.0",95
77.87.213.1,,"Juniper SRX100 firewall",97
77.88.200.206,,"FreeBSD 7.0-RELEASE-p2 - 7.1-PRERELEASE",99
77.88.200.230,vika-tv-gw.kiev.customer.top.net.ua,"Juniper Networks J2320 or MX5-T router; or EX2200, EX3200, EX4200, or EX8200 switch (JUNOS 8.5 - 11.2)",97
77.88.202.211,mail.rostok-trade.com,"Microsoft Windows Vista SP0 or SP1, Windows Server 2008 SP1, or Windows 7",99
77.88.203.146,x-city-world.khmelnitsky.customer.top.net.ua,"FreeBSD 7.0-RELEASE-p2 - 7.1-PRERELEASE",98
77.88.218.98,mail.msb.org.ua,"Tomato 1.28 (Linux 2.4.20)",93
77.90.2.1,,"OpenBSD 5.2",89
77.90.9.1,,"OpenBSD 5.2",89
77.90.48.1,,"OpenBSD 5.2",89
77.90.57.1,,"OpenBSD 5.2",89
77.90.193.157,gw-kyivdormistproekt.inetcom.com.ua,"FreeBSD 7.0-RELEASE-p2 - 7.1-PRERELEASE",97
77.90.194.105,gw-cesel.inetcom.com.ua,"FreeBSD 7.0-RELEASE-p2 - 7.1-PRERELEASE",99
77.90.245.97,,"FreeBSD 7.0-RELEASE-p1 - 10.0-CURRENT",95
77.90.245.193,gw-brother-vlan258-193.inetcom.com.ua,"FreeBSD 7.0-RELEASE-p1 - 10.0-CURRENT",98
77.90.252.97,gw-brother-vlan261-97.inetcom.com.ua,"FreeBSD 7.0-RELEASE-p1 - 10.0-CURRENT",98
77.91.151.169,77-91-151-169.client.telesystems.ua,"Juniper Networks ERX-700 router",94
77.91.160.65,77-91-160-65.client.telesystems.ua,"ADSL router: Huawei MT800u-T; or ZyXEL Prestige 623ME-T1, 643, 662HW-61, 782, or 2602R-61",96
77.91.168.30,77-91-168-30.client.telesystems.ua,"D-Link DWL-624+ or DWL-2000AP, or TRENDnet TEW-432BRP WAP",87
77.91.231.28,,"FreeBSD 7.2-RELEASE",93
77.92.151.161,sunucu-151-161.dhs.com.tr,"Linux 2.6.18",99
77.92.247.170,77-92-247-170.dsl.utg.ge,"ADSL router: Huawei MT800u-T; or ZyXEL Prestige 623ME-T1, 643, 662HW-61, 782, or 2602R-61",96
77.93.116.42,,"Microsoft Windows Vista SP2",97
77.94.166.1,v425-xe100-msk-m9-atlant.naukanet.ru,"Juniper MX960 router (JUNOS 9.5R3.7)",95
77.95.63.240,77-95-63-240.elcat.kg,"Linux 2.4.33 (embedded)",95
77.95.133.21,,"McAfee Email Gateway 6.7.2",91
77.95.226.62,hosted-by.snelis.com,"Linux 2.6.32 - 3.2",95
77.104.35.254,vrrp2.57.ge-2-0-4.cr-th2-x-1.b3g-telecom.com,"Juniper J4350 router",93
77.104.37.10,,"Juniper J4350 router",93
77.104.37.14,,"Juniper JUNOS 10.4R6.5",88
77.108.127.29,,"Microsoft Windows XP SP2 or Windows Server 2003 SP1 or SP2",97
77.109.170.78,a77.109.170-78.deploy.akamaitechnologies.com,"Linux 2.6.32 - 3.9",97
77.109.170.124,a77.109.170-124.deploy.akamaitechnologies.com,"Linux 2.6.32 - 3.9",97
77.109.171.22,a77.109.171-22.deploy.akamaitechnologies.com,"Linux 2.6.32 - 3.2",95
77.109.171.84,a77.109.171-84.deploy.akamaitechnologies.com,"Linux 2.6.32 - 3.2",95
77.109.171.116,a77.109.171-116.deploy.akamaitechnologies.com,"Linux 2.6.32 - 3.9",97
77.109.250.4,adsl-77-109-250-4.kymp.net,"D-Link DVG-5112S or DVG-6004S VoIP adapter",96
77.120.62.92,c2i.pgs-km-1-old.tvservice.km.ua,"Extreme Networks Summit X450e switch (ExtremeXOS 15.3)",99
77.120.116.48,48.116.120.77.colo.static.dc.volia.com,"FreeBSD 7.0-RELEASE-p1 - 10.0-CURRENT",96
77.120.116.79,79.116.120.77.colo.static.dc.volia.com,"Linux 2.6.32 - 2.6.36",96
77.121.1.8,smtp.vital.ks.ua,"Linux 2.6.24 - 2.6.36",95
77.124.63.159,,"WatchGuard firewall (Fireware XTM)",95
77.127.17.24,,"Comtrend CT536 wireless ADSL router",95
77.127.17.93,,"ZTE ZXV10 H201 ADSL router",96
77.212.229.226,0x4dd4e5e2.adsl.cybercity.dk,"ZyXEL Prestige 2602R-D1A ADSL router (ZyNOS 3.40)",97
77.215.185.17,0x4dd7b911.adsl.cybercity.dk,"ZyXEL Prestige 2602R-D1A ADSL router (ZyNOS 3.40)",97
77.220.168.62,,"Juniper MX960 router (JUNOS 9.5R3.7)",95
77.220.184.137,,"Juniper MX960 router (JUNOS 9.5R3.7)",95
77.220.186.143,,"Linux 2.6.32",95
77.221.150.232,77.221.150.232.addr.datapoint.ru,"Comtrend CT536 wireless ADSL router",98
77.222.131.194,mail.zhitomirgaz.net,"Microsoft Windows Server 2003 SP1",95
77.222.133.121,evpanet.tr1-v3087.ua-kiev.datagroup.ua,"Juniper SRX100 firewall",94
77.222.138.205,,"Juniper SRX100 firewall",94
77.222.140.89,,"Juniper SRX100 firewall",98
77.222.141.242,mail.globusbank.com.ua,"Microsoft Windows 7",84
77.222.144.229,,"Juniper SRX100 firewall",94
77.223.76.67,67.76.223.77.akado-ural.ru,"Microsoft Windows Vista SP1",96
77.223.192.155,unregister155192223077.c192.msk.pl,"Redback Networks SmartEdge router (SmartEdge OS 5.0)",97
77.223.192.255,unregister255192223077.c192.msk.pl,"Redback Networks SmartEdge router (SmartEdge OS 5.0)",97
77.223.213.65,77-223-213-65.lublin.hypnet.pl,"FreeBSD 7.1-RELEASE - 9.0-CURRENT",99
77.223.237.89,77-223-237-89.opole.hypnet.pl,"Linux 3.0 - 3.9",96
77.224.36.102,static-102-36-224-77.ipcom.comunitel.net,"D-Link DI-504 or DI-704P broadband router, or DI-524 WAP",87
77.229.97.65,static-65-97-229-77.ipcom.comunitel.net,"Linux 2.6.14 (ASPLinux 11)",95
77.230.196.127,static-127-196-230-77.ipcom.comunitel.net,"Aastra RFP L32 IP DECT WAP",95
77.230.199.57,static-57-199-230-77.ipcom.comunitel.net,"Aastra RFP L32 IP DECT WAP",95
77.230.199.239,static-239-199-230-77.ipcom.comunitel.net,"Aastra RFP L32 IP DECT WAP",95
77.230.204.84,static-84-204-230-77.ipcom.comunitel.net,"Vyatta 4.1.4 (Linux 2.6.24)",95
77.232.224.201,decix-tng.ix.ffm.lrnc.net,"Juniper Networks J4350 router (JUNOS 8.3R1.5)",97
77.233.6.114,,"Avaya G700 Telephony Media Gateway or Sun Advanced Lights Out Maganer 1.5.2 (VxWorks)",98
77.235.36.25,server.zik-zak.biz,"Asus RT-AC66U router (Linux 2.6)",95
77.235.37.214,,"Linux 2.6.18 - 2.6.32",95
77.239.206.194,,"Microsoft Windows XP SP2 or SP3",96
77.240.50.19,,"Linux 2.6.24 - 2.6.36",96
77.240.230.177,,"Linux 2.4.21 (embedded)",97
77.244.96.150,150-096-244-077.ip-addr.inexio.net,"Cisco IOS XR 4.1.1",98
77.244.112.48,,"Linux 2.6.32",95
77.244.144.25,,"Android 2.3.5 (Linux 2.6)",96
77.244.221.5,static-ip-77-244-221-5.user.rsspnet.ru,"Microsoft Windows Server 2008 SP2",96
77.244.224.251,77.244.224.251.ptr.insatnet.nu,"HP ProCurve 2524 switch",97
77.246.101.144,,"Linux 2.6.32 - 3.9",95
77.246.102.233,p2p-unused.comvision.ru,"FreeBSD 7.0-RELEASE-p2 - 7.1-PRERELEASE",98
77.246.146.129,vikodesign.ru,"FreeBSD 7.0-BETA4 - 7.0",97
77.246.146.189,free.e-planet.ru,"FreeBSD 7.0-RELEASE",99
77.247.35.73,,"Linux 2.6.18",95
77.247.47.212,,"Linux 2.6.18 - 2.6.32",95
77.252.39.75,77-252-39-75.ip.netia.com.pl,"HP P2000 G3 NAS device",98
78.1.139.242,78-1-139-242.adsl.net.t-com.hr,"Microsoft Windows XP SP2",86
78.4.10.218,78-4-10-218-static.albacom.net,"Linksys RV042 router",97
78.21.55.33,78-21-55-33.access.telenet.be,"D-Link DVG-5112S or DVG-6004S VoIP adapter",96
78.24.201.129,,"Juniper M7i router",96
78.24.204.161,,"Juniper M7i router",94
78.24.219.157,napetrovskom.ru,"FreeBSD 6.1-RELEASE-p10 (x86_64)",93
78.24.220.251,free.ds,"FreeBSD 7.1-RELEASE",97
78.24.222.9,ecours.ru,"FreeBSD 6.1-RELEASE-p10 (x86_64)",93
78.24.222.102,buy-avto.ru,"FreeBSD 8.0-RELEASE",99
78.25.20.182,mail.herbovital.eu,"FreeBSD 7.0-RELEASE-p1 - 10.0-CURRENT",97
78.25.75.138,,"Linksys RV042 router",96
78.25.134.158,78-25-134-158.colomna.net,"Microsoft Windows XP SP2 or SP3",95
78.25.173.80,78-25-173-80.colomna.net,"Linksys WRV54G WAP",93
78.26.67.105,host-7826-67-105.popwifi.it,"Linksys WRV54G WAP",96
78.26.79.10,host-7826-79-10.popwifi.it,"MikroTik RouterOS 3.30",99
78.26.101.6,host-7826-101-6.popwifi.it,"MikroTik RouterOS 3.30",96
78.26.111.91,host-7826-111-91.as28929.net,"Cisco Catalyst 2960, 3550, or 3560 switch (IOS 12.2)",99
78.26.128.165,,"Linux 2.6.32",97
78.27.172.49,unnum-78-27-172-49.domashka.kiev.ua,"Juniper M7i router",97
78.27.183.112,unnum-78-27-183-112.domashka.kiev.ua,"FreeBSD 8.0-RELEASE",98
78.27.247.161,161.247.27.78.ukrlink.ua,"Extreme Networks Summit48si switch (ExtremeWare 7.4 - 7.8)",93
78.27.253.97,97.253.27.78.ukrlink.ua,"Extreme Networks Summit48si switch (ExtremeWare 7.4 - 7.8)",93
78.29.1.7,ooointersvyaz16.lk.is74.ru,"Linux 2.6.32 - 3.2",97
78.29.2.238,,"FreeBSD 7.0-RELEASE-p1 - 10.0-CURRENT",96
78.29.3.81,,"FreeBSD 7.2-RELEASE",98
78.29.7.2,hosting-free-vpn.is74.ru,"FreeBSD 6.2-STABLE - 6.4-STABLE",95
78.29.52.24,pool-78-29-52-24.is74.ru,"Microsoft Windows Vista SP1",97
78.31.115.3,ns2.xerto-hosting.nl,"Linux 2.6.8 - 2.6.27",97
78.34.18.25,cable-78-34-18-25.netcologne.de,"AT&T U-Verse set-top box (Windows CE 5.0)",98
78.36.140.34,ppp78-36-140-34.pppoe.novgorod.dslavangard.ru,"OpenWrt (Linux 2.4.32)",94
78.41.71.66,78-41-71-66.powered-by.benesol.be,"Linksys WRV54G WAP",97
78.41.106.203,cdn.ngenix.net,"FreeBSD 7.2-RELEASE",96
78.47.172.89,mail.adwin-downloads.de,"Linux 2.6.32",94
78.50.60.127,f050060127.adsl.alicedsl.de,"Microsoft Windows Vista SP2",96
78.50.110.59,f050110059.adsl.alicedsl.de,"OpenWrt (Linux 2.4.32)",94
78.52.195.250,f052195250.adsl.alicedsl.de,"Linux 2.4.33 (embedded)",90
78.53.36.146,f053036146.adsl.alicedsl.de,"AT&T U-Verse set-top box (Windows CE 5.0)",95
78.53.39.103,f053039103.adsl.alicedsl.de,"Apple TV (iOS 5.2.1)",96
78.53.43.34,f053043034.adsl.alicedsl.de,"OpenWrt White Russian 0.9 (Linux 2.4.30)",97
78.54.64.91,f054064091.adsl.alicedsl.de,"Microsoft Windows 2000 SP4",90
78.54.78.188,f054078188.adsl.alicedsl.de,"Linux 3.6",90
78.54.82.151,f054082151.adsl.alicedsl.de,"Microsoft Windows Server 2008 SP1",96
78.54.131.124,f054131124.adsl.alicedsl.de,"Avaya G700 Telephony Media Gateway or Sun Advanced Lights Out Maganer 1.5.2 (VxWorks)",93
78.54.138.25,f054138025.adsl.alicedsl.de,"Linksys WRV54G WAP",93
78.57.141.85,78-57-141-85.static.zebra.lt,"Linux 2.4.18 - 2.4.35 (likely embedded)",96
78.61.95.246,78-61-95-246.static.zebra.lt,"D-Link DVG-5112S or DVG-6004S VoIP adapter",96
78.81.43.235,eth-235-43-81-78-homell.natm.ru,"Microsoft Windows XP SP3",96
78.83.54.97,78-83-54-97.spectrumnet.bg,"Linux 2.6.13 - 2.6.32",95
78.83.75.221,78-83-75-221.spectrumnet.bg,"Sitecom WL-174 wireless ADSL router or ZyXEL B-3000 WAP",95
78.83.227.215,,"Microsoft Windows XP SP2 or Windows Server 2003 SP2",99
78.84.200.232,,"Linux 2.6.9 - 2.6.19",96
78.85.57.241,a241.sub57.net78.udm.net,"Microsoft Windows XP SP2 or Windows Server 2003 SP2",99
78.85.197.117,a117.sub197.net78.udm.net,"Microsoft Windows XP SP2 or SP3",95
78.85.252.236,a236.sub252.net78.udm.net,"Microsoft Windows XP SP2 or SP3",96
78.87.90.242,78-90-242.adsl.cyta.gr,"SMC SMC7908A-ISP router",99
78.87.94.155,78-94-155.adsl.cyta.gr,"Belkin F6D4630-4 v1 WAP",99
78.87.98.110,78-98-110.adsl.cyta.gr,"Arcor-Easy Box A 300 WLAN wireless ADSL router",98
78.87.111.225,78-111-225.adsl.cyta.gr,"T-Home Speedport W 504V WAP",95
78.87.113.102,78-113-102.adsl.cyta.gr,"T-Home Speedport W 504V WAP",93
78.87.128.129,78-128-129.adsl.cyta.gr,"T-Home Speedport W 504V WAP",95
78.87.138.129,78-138-129.adsl.cyta.gr,"Belkin F6D4630-4 v1 WAP",95
78.87.201.192,78-201-192.adsl.cyta.gr,"T-Home Speedport W 504V WAP",99
78.87.206.240,78-206-240.adsl.cyta.gr,"SMC SMC7904WBRA wireless ADSL router or T-Home Speedport W 700V WAP",99
78.87.208.121,78-208-121.adsl.cyta.gr,"Belkin F5D8233 WAP",99
78.87.209.169,78-209-169.adsl.cyta.gr,"Belkin F6D4630-4 v1 WAP",99
78.90.35.44,,"Tenda W311R+ WAP (VxWorks)",96
78.90.45.27,,"Linux 2.6.13 - 2.6.32",96
78.90.46.207,,"Linux 2.6.13 - 2.6.32",96
78.90.59.191,,"Linux 2.6.13 - 2.6.32",96
78.90.100.193,,"Microsoft Windows Vista SP0 - SP2, Windows Server 2008, or Windows 7 Ultimate",96
78.90.114.184,,"Linux 2.6.18 - 2.6.26",95
78.90.127.41,,"OpenWrt (Linux 2.4.30 - 2.4.34)",95
78.90.171.231,,"Samsung LE32B651 TV",95
78.90.175.142,,"LifeSize video conferencing system or ShoreTel 8800 VoIP phone (Linux 2.4)",96
78.90.188.122,,"Linux 2.6.13 - 2.6.32",93
78.90.210.14,chaosgate.angband.eu,"Check Point VPN-1 firewall (Linux 2.6.18)",91
78.90.217.200,,"Netgear GS108T or GS748Tv3 switch (eCos)",96
78.90.222.218,,"LifeSize video conferencing system or ShoreTel 8800 VoIP phone (Linux 2.4)",96
78.97.169.59,,"Microsoft Windows Vista SP1",96
78.101.36.18,,"Avocent DSR1021 KVM switch",96
78.106.215.165,78-106-215-165.broadband.corbina.ru,"Microsoft Windows XP Professional SP2",99
78.110.50.1,net50-0-vlan38-gw.ht-systems.ru,"FreeBSD 8.0-STABLE",96
78.110.54.231,,"FreeBSD 6.1-RELEASE-p10 (x86_64)",99
78.110.54.233,,"FreeBSD 6.1-RELEASE-p10 (x86_64)",99
78.111.80.15,boxsoft.co.uk,"Linux 2.6.9 - 2.6.30",96
78.111.80.222,special.netfox.ru,"Linux 2.6.9 - 2.6.30",96
78.111.83.5,5.83.111.78.ptspb.ru,"FreeBSD 6.2-RELEASE",92
78.111.161.98,,"FreeBSD 6.2-STABLE - 6.4-STABLE",92
78.111.162.125,,"Juniper MX960 router (JUNOS 9.5R3.7)",95
78.111.165.93,,"Juniper MX960 router (JUNOS 9.5R3.7)",95
78.111.238.153,rmail01.ress-kom.de,"D-Link DI-504 or DI-704P broadband router, or DI-524 WAP",87
78.128.35.129,ip-35-129.powernet.bg,"Linux 2.6.19 - 2.6.36",96
78.128.75.1,ip-75-1.powernet.bg,"Linux 2.6.19 - 2.6.36",96
78.128.76.7,,"Linux 2.6.18 - 2.6.32",96
78.130.178.168,,"D-Link DES-3526 or DES-3550 switch",97
78.130.219.44,clients-pools.pl.cooolbox.bg,"Microsoft Windows Vista SP1",88
78.131.242.166,78-131-242-166.tktelekom.pl,"ADSL router: Huawei MT800u-T; or ZyXEL Prestige 623ME-T1, 643, 662HW-61, 782, or 2602R-61",96
78.134.35.169,78-134-35-169.v4.ngi.it,"ZyXEL Prestige 600-series ADSL router",90
78.134.67.252,78-134-67-252.v4.ngi.it,"OpenWrt White Russian 0.9 (Linux 2.4.30)",98
78.134.84.137,78-134-84-137.v4.ngi.it,"Linksys SPA942, SPA962, or SPA9000 VoIP phone; SPA3102 VoIP adapter; or Sipura SPA-2100-series VoIP adapter",99
78.134.100.25,78-134-100-25.v4.ngi.it,"Linux 2.4.33 (embedded)",98
78.134.114.10,78-134-114-10.v4.ngi.it,"Linux 2.4.33 (embedded)",96
78.135.71.235,static-235-71-135-78.sadecehosting.net,"MikroTik RouterOS 3.30",96
78.137.7.213,78-137-7-213.dynamic-pool.mclaut.net,"MikroTik RouterOS 3.30",97
78.137.9.191,78-137-9-191.dynamic-pool.mclaut.net,"Microsoft Windows 7 SP0 - SP1 or Windows Server 2008",96
78.137.13.121,78-137-13-121.dynamic-pool.mclaut.net,"Microsoft Windows Server 2008 SP1",96
78.137.13.147,78-137-13-147.dynamic-pool.mclaut.net,"Microsoft Windows XP SP2 or SP3",95
78.137.21.150,78-137-21-150.dynamic-pool.mclaut.net,"Microsoft Windows XP SP2 or SP3",96
78.137.41.56,78-137-41-56.dynamic-pool.mclaut.net,"Microsoft Windows Server 2003",96
78.137.143.15,ip-78-137-143-15.dub-tlght.metro.digiweb.ie,"Oki C710, C5600, C5650, ES3640, or ES8460 printer",96
78.138.88.170,,"Linux 2.6.32",97
78.138.162.130,,"DD-WRT v23 - v24-sp2 (Linux 2.4.20 - 2.4.37)",92
78.138.163.100,,"Linksys WRV54G WAP",92
78.139.148.85,host-78-139-148-85.customer.co.ge,"ZyXEL Prestige 660R ADSL router",92
78.140.141.175,,"Linux 2.6.9 - 2.6.30",96
78.140.166.5,,"HP P2000 G3 NAS device",97
78.140.168.184,,"Sun Solaris 9 or 10, or OpenSolaris 2009.06 snv_111b",91
78.140.171.122,,"Sun Solaris 11 (snv_151a) or OpenIndiana oi_147 - oi_151a",92
78.140.177.229,,"Sun Solaris 9",92
78.140.179.182,,"FreeBSD 7.0-RELEASE-p2 - 7.1-PRERELEASE",99
78.140.183.129,,"Redback Networks SmartEdge 600 router (SmartEdge OS)",94
78.140.190.139,v-5-305-d2429-139.webazilla.com,"Linksys WRV54G WAP",97
78.142.56.225,ip-56-225.powernet.bg,"Linux 2.6.19 - 2.6.36",96
78.142.59.161,ip-59-161.powernet.bg,"Linux 2.6.19 - 2.6.36",96
78.142.192.6,,"Linux 2.6.32 - 2.6.35",96
78.142.192.54,,"Netgear DG834G WAP or Western Digital WD TV media player",93
78.142.193.78,,"Linux 2.6.32 - 2.6.35",96
78.142.193.132,,"Netgear DG834G WAP or Western Digital WD TV media player",93
78.142.194.59,,"Netgear DG834G WAP or Western Digital WD TV media player",93
78.142.195.208,,"Netgear DG834G WAP or Western Digital WD TV media player",93
78.142.195.215,,"Netgear DG834G WAP or Western Digital WD TV media player",93
78.142.196.26,,"Netgear DG834G WAP or Western Digital WD TV media player",93
78.142.196.55,,"Netgear DG834G WAP or Western Digital WD TV media player",93
78.142.196.57,,"Linux 2.6.32 - 2.6.35",96
78.142.196.120,,"Netgear DG834G WAP or Western Digital WD TV media player",93
78.142.199.52,,"Netgear DG834G WAP or Western Digital WD TV media player",93
78.142.199.236,,"Netgear DG834G WAP or Western Digital WD TV media player",93
78.142.202.74,,"Netgear DG834G WAP or Western Digital WD TV media player",93
78.142.202.163,,"Netgear DG834G WAP or Western Digital WD TV media player",93
78.142.202.244,,"Netgear DG834G WAP or Western Digital WD TV media player",93
78.142.203.52,,"Netgear DG834G WAP or Western Digital WD TV media player",93
78.142.203.173,,"Netgear DG834G WAP or Western Digital WD TV media player",93
78.143.4.125,,"Linux 2.6.32",96
78.143.5.41,,"Linux 2.6.32 - 3.2",95
78.143.10.51,,"Linux 3.2",93
78.143.11.112,,"Linux 2.6.32 - 3.2",95
78.143.11.134,,"Linux 2.6.32 - 3.2",95
78.143.11.195,,"Linux 2.6.32",96
78.143.12.133,,"Netgear DG834G WAP or Western Digital WD TV media player",96
78.143.13.198,,"Linux 2.6.32 - 3.2",95
78.143.14.101,,"Linksys WRV54G WAP",97
78.143.15.110,,"Linux 2.6.32",96
78.143.29.38,,"Linux 2.6.32 - 3.2",95
78.143.30.22,,"Netgear DG834G WAP or Western Digital WD TV media player",96
78.143.30.27,,"Linux 2.6.32 - 3.2",95
78.143.36.63,,"Netgear DG834G WAP or Western Digital WD TV media player",96
78.143.36.124,,"Linux 2.6.32 - 3.2",96
78.143.39.7,,"Linux 3.0",95
78.152.161.29,ge10-25-12.br01-lilu.ic.km.ua,"Linksys WRV54G WAP",98
78.152.161.152,adm.ic.km.ua,"FreeBSD 6.1-RELEASE-p10 (x86_64)",99
78.152.169.52,geek.km.ua,"Linux 2.6.32",95
78.153.23.100,,"Microsoft Windows XP SP3",88
78.154.160.36,78.154.160.36.ett.ua,"Microsoft Windows Server 2003 Enterprise Edition",99
78.154.167.231,,"Linux 2.6.32 - 3.2",95
78.154.170.66,78.154.170.66.ett.ua,"Extreme Networks Summit X450e switch (ExtremeXOS 15.3)",99
78.158.141.130,as2.j1.fra.nsp-transit.net,"Juniper MX960 router (JUNOS 9.5R3.7)",97
78.159.49.177,78.159.49.177.freenet.com.ua,"Microsoft Windows XP SP2 or SP3",98
78.160.8.116,78.160.8.116.dynamic.ttnet.com.tr,"Linksys RV042 router",97
78.160.12.72,78.160.12.72.dynamic.ttnet.com.tr,"Linksys RV042 router",97
78.160.13.110,78.160.13.110.dynamic.ttnet.com.tr,"Linksys RV042 router",97
78.160.14.246,78.160.14.246.dynamic.ttnet.com.tr,"Linksys RV042 router",97
78.160.15.29,78.160.15.29.dynamic.ttnet.com.tr,"Linksys RV042 router",97
78.160.23.78,78.160.23.78.dynamic.ttnet.com.tr,"Linksys RV042 router",97
78.160.29.48,78.160.29.48.dynamic.ttnet.com.tr,"Linksys RV042 router",97
78.160.34.155,78.160.34.155.dynamic.ttnet.com.tr,"Linksys RV042 router",97
78.160.35.167,78.160.35.167.dynamic.ttnet.com.tr,"Linksys RV042 router",96
78.160.35.221,78.160.35.221.dynamic.ttnet.com.tr,"Linksys RV042 router",97
78.160.40.122,78.160.40.122.dynamic.ttnet.com.tr,"Linksys RV042 router",97
78.160.48.221,78.160.48.221.dynamic.ttnet.com.tr,"Linksys RV042 router",96
78.160.53.130,78.160.53.130.dynamic.ttnet.com.tr,"Linksys RV042 router",97
78.160.55.46,78.160.55.46.dynamic.ttnet.com.tr,"Linksys RV042 router",96
78.160.56.144,78.160.56.144.dynamic.ttnet.com.tr,"Linksys RV042 router",97
78.160.57.203,78.160.57.203.dynamic.ttnet.com.tr,"Linksys RV042 router",96
78.160.61.92,78.160.61.92.dynamic.ttnet.com.tr,"Linksys RV042 router",97
78.160.63.83,78.160.63.83.dynamic.ttnet.com.tr,"Linksys RV042 router",97
78.160.64.33,78.160.64.33.dynamic.ttnet.com.tr,"Linksys RV042 router",97
78.160.64.166,78.160.64.166.dynamic.ttnet.com.tr,"Linksys RV042 router",97
78.160.64.244,78.160.64.244.dynamic.ttnet.com.tr,"Linksys RV042 router",96
78.160.65.53,78.160.65.53.dynamic.ttnet.com.tr,"Linksys RV042 router",97
78.160.65.155,78.160.65.155.dynamic.ttnet.com.tr,"ADSL router: Huawei MT800u-T; or ZyXEL Prestige 623ME-T1, 643, 662HW-61, 782, or 2602R-61",98
78.160.66.66,78.160.66.66.dynamic.ttnet.com.tr,"Linksys RV042 router",97
78.160.66.158,78.160.66.158.dynamic.ttnet.com.tr,"Avaya G700 Telephony Media Gateway or Sun Advanced Lights Out Maganer 1.5.2 (VxWorks)",97
78.160.66.252,78.160.66.252.dynamic.ttnet.com.tr,"Linksys RV042 router",97
78.160.69.109,78.160.69.109.dynamic.ttnet.com.tr,"Linksys RV042 router",97
78.160.71.226,78.160.71.226.dynamic.ttnet.com.tr,"Linksys RV042 router",97
78.160.74.90,78.160.74.90.dynamic.ttnet.com.tr,"Linksys RV042 router",97
78.160.77.107,78.160.77.107.dynamic.ttnet.com.tr,"Linksys RV042 router",97
78.160.80.123,78.160.80.123.dynamic.ttnet.com.tr,"Linksys RV042 router",97
78.160.81.217,78.160.81.217.dynamic.ttnet.com.tr,"Linksys RV042 router",97
78.160.82.1,78.160.82.1.dynamic.ttnet.com.tr,"Linksys RV042 router",97
78.160.82.87,78.160.82.87.dynamic.ttnet.com.tr,"Linksys RV042 router",97
78.160.82.180,78.160.82.180.dynamic.ttnet.com.tr,"Linksys RV042 router",97
78.160.83.82,78.160.83.82.dynamic.ttnet.com.tr,"Linksys RV042 router",97
78.160.85.97,78.160.85.97.dynamic.ttnet.com.tr,"Linksys RV042 router",97
78.160.85.241,78.160.85.241.dynamic.ttnet.com.tr,"Linksys RV042 router",97
78.160.86.96,78.160.86.96.dynamic.ttnet.com.tr,"Linksys RV042 router",97
78.160.86.101,78.160.86.101.dynamic.ttnet.com.tr,"Linksys RV042 router",96
78.160.87.159,78.160.87.159.dynamic.ttnet.com.tr,"Linksys RV042 router",96
78.160.88.14,78.160.88.14.dynamic.ttnet.com.tr,"Linksys RV042 router",97
78.160.88.218,78.160.88.218.dynamic.ttnet.com.tr,"Linksys RV042 router",97
78.160.91.112,78.160.91.112.dynamic.ttnet.com.tr,"Linksys RV042 router",97
78.160.91.251,78.160.91.251.dynamic.ttnet.com.tr,"Linksys RV042 router",97
78.160.92.20,78.160.92.20.dynamic.ttnet.com.tr,"Linksys RV042 router",97
78.160.97.82,78.160.97.82.dynamic.ttnet.com.tr,"Linksys RV042 router",97
78.160.97.238,78.160.97.238.dynamic.ttnet.com.tr,"Linksys RV042 router",97
78.160.98.202,78.160.98.202.dynamic.ttnet.com.tr,"Linksys RV042 router",97
78.160.98.205,78.160.98.205.dynamic.ttnet.com.tr,"Linksys RV042 router",97
78.160.98.224,78.160.98.224.dynamic.ttnet.com.tr,"Linksys RV042 router",97
78.160.99.123,78.160.99.123.dynamic.ttnet.com.tr,"Linksys RV042 router",97
78.160.99.238,78.160.99.238.dynamic.ttnet.com.tr,"D-Link DWL-624+ or DWL-2000AP, or TRENDnet TEW-432BRP WAP",87
78.160.100.92,78.160.100.92.dynamic.ttnet.com.tr,"Linksys RV042 router",97
78.160.100.250,78.160.100.250.dynamic.ttnet.com.tr,"Linksys RV042 router",97
78.160.101.82,78.160.101.82.dynamic.ttnet.com.tr,"Linksys RV042 router",97
78.160.105.26,78.160.105.26.dynamic.ttnet.com.tr,"Linksys RV042 router",97
78.160.105.252,78.160.105.252.dynamic.ttnet.com.tr,"Linksys RV042 router",97
78.160.106.252,78.160.106.252.dynamic.ttnet.com.tr,"ADSL router: Huawei MT800u-T; or ZyXEL Prestige 623ME-T1, 643, 662HW-61, 782, or 2602R-61",96
78.160.107.50,78.160.107.50.dynamic.ttnet.com.tr,"Linksys WRV54G WAP",97
78.160.107.138,78.160.107.138.dynamic.ttnet.com.tr,"Linksys RV042 router",97
78.160.107.250,78.160.107.250.dynamic.ttnet.com.tr,"Linksys RV042 router",97
78.160.108.14,78.160.108.14.dynamic.ttnet.com.tr,"Linksys RV042 router",97
78.160.108.225,78.160.108.225.dynamic.ttnet.com.tr,"Linksys RV042 router",97
78.160.109.130,78.160.109.130.dynamic.ttnet.com.tr,"DD-WRT v24-sp2 (Linux 2.4.36)",96
78.160.112.26,78.160.112.26.dynamic.ttnet.com.tr,"Linksys RV042 router",97
78.160.114.143,78.160.114.143.dynamic.ttnet.com.tr,"Linksys RV042 router",97
78.160.117.249,78.160.117.249.dynamic.ttnet.com.tr,"Linksys RV042 router",97
78.160.120.246,78.160.120.246.dynamic.ttnet.com.tr,"Linksys WRV54G WAP",97
78.160.122.69,78.160.122.69.dynamic.ttnet.com.tr,"Linksys RV042 router",97
78.160.125.28,78.160.125.28.dynamic.ttnet.com.tr,"Linksys RV042 router",97
78.160.125.127,78.160.125.127.dynamic.ttnet.com.tr,"Linksys RV042 router",97
78.160.125.135,78.160.125.135.dynamic.ttnet.com.tr,"Linksys RV042 router",97
78.160.127.18,78.160.127.18.dynamic.ttnet.com.tr,"Linksys RV042 router",97
78.160.127.244,78.160.127.244.dynamic.ttnet.com.tr,"Linksys RV042 router",97
78.160.128.130,78.160.128.130.dynamic.ttnet.com.tr,"Linksys RV042 router",97
78.160.128.232,78.160.128.232.dynamic.ttnet.com.tr,"Linksys RV042 router",97
78.160.130.119,78.160.130.119.dynamic.ttnet.com.tr,"Linksys RV042 router",97
78.160.133.34,78.160.133.34.dynamic.ttnet.com.tr,"Linksys RV042 router",97
78.160.134.145,78.160.134.145.dynamic.ttnet.com.tr,"Linksys RV042 router",97
78.160.135.119,78.160.135.119.dynamic.ttnet.com.tr,"Linksys RV042 router",97
78.160.135.201,78.160.135.201.dynamic.ttnet.com.tr,"Linksys RV042 router",97
78.160.136.146,78.160.136.146.dynamic.ttnet.com.tr,"Linksys RV042 router",97
78.160.137.77,78.160.137.77.dynamic.ttnet.com.tr,"ZyXEL Prestige 660R ADSL router",96
78.160.138.71,78.160.138.71.dynamic.ttnet.com.tr,"MontaVista embedded Linux 2.4.17",91
78.160.138.76,78.160.138.76.dynamic.ttnet.com.tr,"Linksys RV042 router",97
78.160.139.32,78.160.139.32.dynamic.ttnet.com.tr,"Linksys RV042 router",97
78.160.139.164,78.160.139.164.dynamic.ttnet.com.tr,"Linksys RV042 router",97
78.160.139.250,78.160.139.250.dynamic.ttnet.com.tr,"Linksys RV042 router",97
78.160.140.151,78.160.140.151.dynamic.ttnet.com.tr,"Linksys RV042 router",97
78.160.141.20,78.160.141.20.dynamic.ttnet.com.tr,"Linksys RV042 router",97
78.160.142.76,78.160.142.76.dynamic.ttnet.com.tr,"Linksys RV042 router",97
78.160.143.253,78.160.143.253.dynamic.ttnet.com.tr,"DD-WRT v24-sp2 (Linux 2.4.36)",95
78.160.144.49,78.160.144.49.dynamic.ttnet.com.tr,"Linksys RV042 router",97
78.160.144.222,78.160.144.222.dynamic.ttnet.com.tr,"Linksys RV042 router",97
78.160.144.239,78.160.144.239.dynamic.ttnet.com.tr,"Linksys RV042 router",97
78.160.147.39,78.160.147.39.dynamic.ttnet.com.tr,"Linksys RV042 router",97
78.160.147.50,78.160.147.50.dynamic.ttnet.com.tr,"Linksys RV042 router",97
78.160.148.52,78.160.148.52.dynamic.ttnet.com.tr,"Linksys RV042 router",97
78.160.149.13,78.160.149.13.dynamic.ttnet.com.tr,"Linksys RV042 router",97
78.160.149.161,78.160.149.161.dynamic.ttnet.com.tr,"Linksys RV042 router",97
78.160.149.205,78.160.149.205.dynamic.ttnet.com.tr,"Linksys RV042 router",96
78.160.149.250,78.160.149.250.dynamic.ttnet.com.tr,"Linksys RV042 router",97
78.160.153.51,78.160.153.51.dynamic.ttnet.com.tr,"Linksys RV042 router",97
78.160.157.213,78.160.157.213.dynamic.ttnet.com.tr,"Linksys RV042 router",97
78.160.184.243,78.160.184.243.dynamic.ttnet.com.tr,"Linksys RV042 router",97
78.160.192.199,78.160.192.199.dynamic.ttnet.com.tr,"Linksys RV042 router",97
78.160.193.10,78.160.193.10.dynamic.ttnet.com.tr,"Linksys RV042 router",97
78.160.193.104,78.160.193.104.dynamic.ttnet.com.tr,"Linksys RV042 router",97
78.160.193.144,78.160.193.144.dynamic.ttnet.com.tr,"ZyXEL Prestige 660R ADSL router",98
78.160.194.42,78.160.194.42.dynamic.ttnet.com.tr,"ADSL router: Huawei MT800u-T; or ZyXEL Prestige 623ME-T1, 643, 662HW-61, 782, or 2602R-61",98
78.160.196.31,78.160.196.31.dynamic.ttnet.com.tr,"D-Link DSL-500G ADSL router",95
78.160.200.230,78.160.200.230.dynamic.ttnet.com.tr,"Linksys RV042 router",97
78.160.201.226,78.160.201.226.dynamic.ttnet.com.tr,"Linksys RV042 router",97
78.160.204.68,78.160.204.68.dynamic.ttnet.com.tr,"Linksys RV042 router",97
78.160.204.102,78.160.204.102.dynamic.ttnet.com.tr,"Linksys RV042 router",97
78.160.205.45,78.160.205.45.dynamic.ttnet.com.tr,"Linksys RV042 router",97
78.160.205.89,78.160.205.89.dynamic.ttnet.com.tr,"Linksys RV042 router",97
78.160.208.46,78.160.208.46.dynamic.ttnet.com.tr,"Linksys RV042 router",97
78.160.208.133,78.160.208.133.dynamic.ttnet.com.tr,"Linksys RV042 router",97
78.160.209.43,78.160.209.43.dynamic.ttnet.com.tr,"Linksys RV042 router",97
78.160.214.64,78.160.214.64.dynamic.ttnet.com.tr,"Linksys RV042 router",96
78.160.217.177,78.160.217.177.dynamic.ttnet.com.tr,"Linksys RV042 router",97
78.160.218.43,78.160.218.43.dynamic.ttnet.com.tr,"Linksys RV042 router",97
78.160.218.70,78.160.218.70.dynamic.ttnet.com.tr,"Linksys WRV54G WAP",97
78.160.218.199,78.160.218.199.dynamic.ttnet.com.tr,"Linksys RV042 router",97
78.160.219.41,78.160.219.41.dynamic.ttnet.com.tr,"Linksys RV042 router",97
78.160.219.128,78.160.219.128.dynamic.ttnet.com.tr,"Linksys RV042 router",97
78.160.220.162,78.160.220.162.dynamic.ttnet.com.tr,"Linksys RV042 router",97
78.160.221.53,78.160.221.53.dynamic.ttnet.com.tr,"Linksys RV042 router",97
78.160.222.38,78.160.222.38.dynamic.ttnet.com.tr,"Linksys RV042 router",97
78.160.224.230,78.160.224.230.dynamic.ttnet.com.tr,"3Com NBX 100 VoIP adapter (VxWorks)",96
78.160.225.163,78.160.225.163.dynamic.ttnet.com.tr,"Linksys RV042 router",97
78.160.232.188,78.160.232.188.dynamic.ttnet.com.tr,"Linksys RV042 router",97
78.160.248.31,78.160.248.31.dynamic.ttnet.com.tr,"Linksys RV042 router",97
78.160.248.246,78.160.248.246.dynamic.ttnet.com.tr,"Linksys RV042 router",97
78.160.249.139,78.160.249.139.dynamic.ttnet.com.tr,"ADSL router: Huawei MT800u-T; or ZyXEL Prestige 623ME-T1, 643, 662HW-61, 782, or 2602R-61",96
78.160.249.185,78.160.249.185.dynamic.ttnet.com.tr,"Linksys RV042 router",97
78.161.0.40,78.161.0.40.dynamic.ttnet.com.tr,"Linksys RV042 router",97
78.161.7.239,78.161.7.239.dynamic.ttnet.com.tr,"Avaya G700 Telephony Media Gateway or Sun Advanced Lights Out Maganer 1.5.2 (VxWorks)",97
78.161.9.35,78.161.9.35.dynamic.ttnet.com.tr,"Linksys RV042 router",97
78.161.10.205,78.161.10.205.dynamic.ttnet.com.tr,"Linksys RV042 router",97
78.161.11.247,78.161.11.247.dynamic.ttnet.com.tr,"Linksys RV042 router",97
78.161.15.95,78.161.15.95.dynamic.ttnet.com.tr,"Linksys RV042 router",97
78.161.16.96,78.161.16.96.dynamic.ttnet.com.tr,"Linksys RV042 router",97
78.161.16.101,78.161.16.101.dynamic.ttnet.com.tr,"Comtrend CT536 wireless ADSL router",96
78.161.20.188,78.161.20.188.dynamic.ttnet.com.tr,"Linksys RV042 router",97
78.161.23.78,78.161.23.78.dynamic.ttnet.com.tr,"Linksys RV042 router",97
78.161.25.123,78.161.25.123.dynamic.ttnet.com.tr,"Linksys RV042 router",97
78.161.26.80,78.161.26.80.dynamic.ttnet.com.tr,"Linksys RV042 router",97
78.161.31.55,78.161.31.55.dynamic.ttnet.com.tr,"Linksys RV042 router",97
78.161.31.111,78.161.31.111.dynamic.ttnet.com.tr,"Linksys RV042 router",97
78.161.32.104,78.161.32.104.dynamic.ttnet.com.tr,"Linksys RV042 router",97
78.161.32.185,78.161.32.185.dynamic.ttnet.com.tr,"Linksys RV042 router",97
78.161.36.33,78.161.36.33.dynamic.ttnet.com.tr,"Linksys RV042 router",97
78.161.36.186,78.161.36.186.dynamic.ttnet.com.tr,"Linksys RV042 router",97
78.161.40.54,78.161.40.54.dynamic.ttnet.com.tr,"Linksys RV042 router",97
78.161.40.59,78.161.40.59.dynamic.ttnet.com.tr,"Linksys RV042 router",97
78.161.43.247,78.161.43.247.dynamic.ttnet.com.tr,"Linksys RV042 router",97
78.161.44.183,78.161.44.183.dynamic.ttnet.com.tr,"Linksys RV042 router",97
78.161.45.14,78.161.45.14.dynamic.ttnet.com.tr,"Linksys RV042 router",97
78.161.45.138,78.161.45.138.dynamic.ttnet.com.tr,"Linksys RV042 router",96
78.161.56.90,78.161.56.90.dynamic.ttnet.com.tr,"Linksys RV042 router",97
78.161.59.121,78.161.59.121.dynamic.ttnet.com.tr,"Linksys RV042 router",97
78.161.75.11,78.161.75.11.dynamic.ttnet.com.tr,"Linksys RV042 router",96
78.161.112.70,78.161.112.70.dynamic.ttnet.com.tr,"Linksys RV042 router",97
78.161.121.150,78.161.121.150.dynamic.ttnet.com.tr,"OpenWrt (Linux 2.4.32)",94
78.161.124.11,78.161.124.11.dynamic.ttnet.com.tr,"Linksys RV042 router",97
78.161.124.195,78.161.124.195.dynamic.ttnet.com.tr,"Linksys RV042 router",97
78.161.139.235,78.161.139.235.dynamic.ttnet.com.tr,"Linksys RV042 router",97
78.161.158.14,78.161.158.14.dynamic.ttnet.com.tr,"Linksys RV042 router",97
78.161.160.16,78.161.160.16.dynamic.ttnet.com.tr,"Linksys RV042 router",97
78.161.161.76,78.161.161.76.dynamic.ttnet.com.tr,"Linksys RV042 router",97
78.161.162.235,78.161.162.235.dynamic.ttnet.com.tr,"MontaVista embedded Linux 2.4.17",91
78.161.163.165,78.161.163.165.dynamic.ttnet.com.tr,"Linksys RV042 router",97
78.161.164.124,78.161.164.124.dynamic.ttnet.com.tr,"Acorp W400G or W422G wireless ADSL modem (MontaVista embedded Linux 2.4.17)",91
78.161.165.108,78.161.165.108.dynamic.ttnet.com.tr,"Linksys RV042 router",97
78.161.167.152,78.161.167.152.dynamic.ttnet.com.tr,"Sony Ericsson U8i Vivaz mobile phone",95
78.161.170.209,78.161.170.209.dynamic.ttnet.com.tr,"ADSL router: Huawei MT800u-T; or ZyXEL Prestige 623ME-T1, 643, 662HW-61, 782, or 2602R-61",96
78.161.172.110,78.161.172.110.dynamic.ttnet.com.tr,"Linksys RV042 router",97
78.161.173.76,78.161.173.76.dynamic.ttnet.com.tr,"Linksys WRV54G WAP",96
78.161.173.156,78.161.173.156.dynamic.ttnet.com.tr,"Linksys RV042 router",97
78.161.174.138,78.161.174.138.dynamic.ttnet.com.tr,"Linksys RV042 router",97
78.161.174.189,78.161.174.189.dynamic.ttnet.com.tr,"Linksys RV042 router",97
78.161.176.135,78.161.176.135.dynamic.ttnet.com.tr,"Linux 2.6.14 - 2.6.30",98
78.161.177.35,78.161.177.35.dynamic.ttnet.com.tr,"Linksys RV042 router",97
78.161.177.60,78.161.177.60.dynamic.ttnet.com.tr,"Linksys RV042 router",97
78.161.178.67,78.161.178.67.dynamic.ttnet.com.tr,"Linksys RV042 router",97
78.161.180.7,78.161.180.7.dynamic.ttnet.com.tr,"Linksys RV042 router",97
78.161.182.105,78.161.182.105.dynamic.ttnet.com.tr,"Linksys RV042 router",97
78.161.182.134,78.161.182.134.dynamic.ttnet.com.tr,"Linksys RV042 router",97
78.161.184.178,78.161.184.178.dynamic.ttnet.com.tr,"Linksys RV042 router",97
78.161.184.190,78.161.184.190.dynamic.ttnet.com.tr,"Linksys RV042 router",97
78.161.190.50,78.161.190.50.dynamic.ttnet.com.tr,"Linksys RV042 router",97
78.161.206.254,78.161.206.254.dynamic.ttnet.com.tr,"Linksys RV042 router",97
78.161.211.112,78.161.211.112.dynamic.ttnet.com.tr,"Linksys RV042 router",97
78.161.227.127,78.161.227.127.dynamic.ttnet.com.tr,"Avaya G700 Telephony Media Gateway or Sun Advanced Lights Out Maganer 1.5.2 (VxWorks)",97
78.161.234.233,78.161.234.233.dynamic.ttnet.com.tr,"Linksys RV042 router",97
78.161.240.93,78.161.240.93.dynamic.ttnet.com.tr,"Linksys RV042 router",97
78.161.241.104,78.161.241.104.dynamic.ttnet.com.tr,"Linksys RV042 router",97
78.161.244.87,78.161.244.87.dynamic.ttnet.com.tr,"Linksys RV042 router",97
78.161.245.16,78.161.245.16.dynamic.ttnet.com.tr,"Linksys RV042 router",97
78.161.245.54,78.161.245.54.dynamic.ttnet.com.tr,"Linksys RV042 router",97
78.162.0.58,78.162.0.58.dynamic.ttnet.com.tr,"Linksys RV042 router",97
78.162.0.89,78.162.0.89.dynamic.ttnet.com.tr,"Linksys RV042 router",97
78.162.2.24,78.162.2.24.dynamic.ttnet.com.tr,"Linksys RV042 router",97
78.162.2.179,78.162.2.179.dynamic.ttnet.com.tr,"Linksys RV042 router",97
78.162.2.196,78.162.2.196.dynamic.ttnet.com.tr,"Linksys WRV54G WAP",97
78.162.2.239,78.162.2.239.dynamic.ttnet.com.tr,"Linksys RV042 router",97
78.162.5.59,78.162.5.59.dynamic.ttnet.com.tr,"Linksys RV042 router",97
78.162.6.120,78.162.6.120.dynamic.ttnet.com.tr,"Linksys RV042 router",97
78.162.7.230,78.162.7.230.dynamic.ttnet.com.tr,"Linksys RV042 router",97
78.162.8.75,78.162.8.75.dynamic.ttnet.com.tr,"Linksys RV042 router",97
78.162.9.177,78.162.9.177.dynamic.ttnet.com.tr,"Linksys RV042 router",97
78.162.10.25,78.162.10.25.dynamic.ttnet.com.tr,"Linksys RV042 router",97
78.162.10.181,78.162.10.181.dynamic.ttnet.com.tr,"Linksys RV042 router",97
78.162.12.131,78.162.12.131.dynamic.ttnet.com.tr,"Linksys RV042 router",97
78.162.12.225,78.162.12.225.dynamic.ttnet.com.tr,"Linksys RV042 router",97
78.162.13.12,78.162.13.12.dynamic.ttnet.com.tr,"Linksys RV042 router",97
78.162.17.21,78.162.17.21.dynamic.ttnet.com.tr,"Linksys RV042 router",97
78.162.17.111,78.162.17.111.dynamic.ttnet.com.tr,"Linksys RV042 router",97
78.162.17.235,78.162.17.235.dynamic.ttnet.com.tr,"Linksys RV042 router",97
78.162.19.31,78.162.19.31.dynamic.ttnet.com.tr,"Linksys RV042 router",97
78.162.19.220,78.162.19.220.dynamic.ttnet.com.tr,"Linksys RV042 router",97
78.162.20.177,78.162.20.177.dynamic.ttnet.com.tr,"MontaVista embedded Linux 2.4.17",91
78.162.21.6,78.162.21.6.dynamic.ttnet.com.tr,"Linksys RV042 router",96
78.162.21.27,78.162.21.27.dynamic.ttnet.com.tr,"Linksys RV042 router",97
78.162.22.160,78.162.22.160.dynamic.ttnet.com.tr,"Linksys RV042 router",97
78.162.22.210,78.162.22.210.dynamic.ttnet.com.tr,"Linksys RV042 router",97
78.162.24.33,78.162.24.33.dynamic.ttnet.com.tr,"Linksys RV042 router",97
78.162.27.205,78.162.27.205.dynamic.ttnet.com.tr,"Linksys RV042 router",97
78.162.29.254,78.162.29.254.dynamic.ttnet.com.tr,"Linux 2.6.14 - 2.6.30",97
78.162.30.11,78.162.30.11.dynamic.ttnet.com.tr,"Linksys RV042 router",97
78.162.30.221,78.162.30.221.dynamic.ttnet.com.tr,"Sony Ericsson U8i Vivaz mobile phone",95
78.162.47.75,78.162.47.75.dynamic.ttnet.com.tr,"Linksys RV042 router",97
78.162.47.163,78.162.47.163.dynamic.ttnet.com.tr,"Linksys RV042 router",97
78.162.56.83,78.162.56.83.dynamic.ttnet.com.tr,"Belkin F6D4630-4 v1 WAP",99
78.162.58.236,78.162.58.236.dynamic.ttnet.com.tr,"Linksys RV042 router",96
78.162.64.23,78.162.64.23.dynamic.ttnet.com.tr,"Linksys RV042 router",97
78.162.64.246,78.162.64.246.dynamic.ttnet.com.tr,"Linksys RV042 router",97
78.162.65.55,78.162.65.55.dynamic.ttnet.com.tr,"Linksys RV042 router",97
78.162.65.109,78.162.65.109.dynamic.ttnet.com.tr,"Linksys RV042 router",97
78.162.65.231,78.162.65.231.dynamic.ttnet.com.tr,"Linksys RV042 router",97
78.162.66.202,78.162.66.202.dynamic.ttnet.com.tr,"Linksys RV042 router",97
78.162.66.210,78.162.66.210.dynamic.ttnet.com.tr,"Linksys RV042 router",97
78.162.66.251,78.162.66.251.dynamic.ttnet.com.tr,"Linksys RV042 router",97
78.162.70.133,78.162.70.133.dynamic.ttnet.com.tr,"Linksys RV042 router",97
78.162.71.192,78.162.71.192.dynamic.ttnet.com.tr,"Linksys RV042 router",97
78.162.71.210,78.162.71.210.dynamic.ttnet.com.tr,"Linksys RV042 router",97
78.162.71.249,78.162.71.249.dynamic.ttnet.com.tr,"Linksys RV042 router",97
78.162.72.113,78.162.72.113.dynamic.ttnet.com.tr,"Linksys RV042 router",96
78.162.72.142,78.162.72.142.dynamic.ttnet.com.tr,"OpenWrt (Linux 2.4.32)",94
78.162.73.99,78.162.73.99.dynamic.ttnet.com.tr,"Linksys RV042 router",97
78.162.74.91,78.162.74.91.dynamic.ttnet.com.tr,"Linksys RV042 router",97
78.162.75.151,78.162.75.151.dynamic.ttnet.com.tr,"Linksys RV042 router",97
78.162.77.113,78.162.77.113.dynamic.ttnet.com.tr,"Linksys RV042 router",97
78.162.78.13,78.162.78.13.dynamic.ttnet.com.tr,"Linksys RV042 router",97
78.162.79.255,78.162.79.255.dynamic.ttnet.com.tr,"Linksys WRV54G WAP",96
78.162.80.79,78.162.80.79.dynamic.ttnet.com.tr,"Linksys RV042 router",97
78.162.80.173,78.162.80.173.dynamic.ttnet.com.tr,"Linksys RV042 router",97
78.162.80.175,78.162.80.175.dynamic.ttnet.com.tr,"Linksys RV042 router",97
78.162.83.102,78.162.83.102.dynamic.ttnet.com.tr,"Linksys RV042 router",97
78.162.83.159,78.162.83.159.dynamic.ttnet.com.tr,"Linksys RV042 router",96
78.162.83.206,78.162.83.206.dynamic.ttnet.com.tr,"Linksys RV042 router",97
78.162.84.40,78.162.84.40.dynamic.ttnet.com.tr,"Linksys RV042 router",97
78.162.86.131,78.162.86.131.dynamic.ttnet.com.tr,"Linksys RV042 router",97
78.162.87.44,78.162.87.44.dynamic.ttnet.com.tr,"Linksys RV042 router",97
78.162.87.62,78.162.87.62.dynamic.ttnet.com.tr,"Linksys RV042 router",97
78.162.89.7,78.162.89.7.dynamic.ttnet.com.tr,"Linksys RV042 router",97
78.162.89.140,78.162.89.140.dynamic.ttnet.com.tr,"Linksys RV042 router",97
78.162.89.214,78.162.89.214.dynamic.ttnet.com.tr,"Linksys RV042 router",97
78.162.92.154,78.162.92.154.dynamic.ttnet.com.tr,"Linksys RV042 router",97
78.162.93.39,78.162.93.39.dynamic.ttnet.com.tr,"Linksys RV042 router",96
78.162.94.142,78.162.94.142.dynamic.ttnet.com.tr,"Linksys RV042 router",97
78.162.94.228,78.162.94.228.dynamic.ttnet.com.tr,"Linksys RV042 router",97
78.162.95.128,78.162.95.128.dynamic.ttnet.com.tr,"Linksys RV042 router",97
78.162.95.239,78.162.95.239.dynamic.ttnet.com.tr,"Linksys RV042 router",97
78.162.97.188,78.162.97.188.dynamic.ttnet.com.tr,"Linksys RV042 router",97
78.162.98.88,78.162.98.88.dynamic.ttnet.com.tr,"Linksys RV042 router",97
78.162.99.43,78.162.99.43.dynamic.ttnet.com.tr,"Linksys RV042 router",96
78.162.102.20,78.162.102.20.dynamic.ttnet.com.tr,"Linksys WRV54G WAP",97
78.162.102.52,78.162.102.52.dynamic.ttnet.com.tr,"Linksys RV042 router",97
78.162.102.215,78.162.102.215.dynamic.ttnet.com.tr,"Linksys RV042 router",97
78.162.103.193,78.162.103.193.dynamic.ttnet.com.tr,"Linksys RV042 router",97
78.162.112.70,78.162.112.70.dynamic.ttnet.com.tr,"Linksys RV042 router",97
78.162.112.122,78.162.112.122.dynamic.ttnet.com.tr,"Linksys RV042 router",97
78.162.113.110,78.162.113.110.dynamic.ttnet.com.tr,"Linksys RV042 router",97
78.162.114.219,78.162.114.219.dynamic.ttnet.com.tr,"Linksys RV042 router",97
78.162.115.17,78.162.115.17.dynamic.ttnet.com.tr,"OpenWrt (Linux 2.4.32)",94
78.162.116.49,78.162.116.49.dynamic.ttnet.com.tr,"Linksys RV042 router",97
78.162.116.192,78.162.116.192.dynamic.ttnet.com.tr,"Linksys RV042 router",97
78.162.117.188,78.162.117.188.dynamic.ttnet.com.tr,"ZyXEL Prestige 660R ADSL router",96
78.162.117.250,78.162.117.250.dynamic.ttnet.com.tr,"Linksys RV042 router",97
78.162.118.163,78.162.118.163.dynamic.ttnet.com.tr,"Linksys RV042 router",97
78.162.119.161,78.162.119.161.dynamic.ttnet.com.tr,"Linksys RV042 router",96
78.162.128.100,78.162.128.100.dynamic.ttnet.com.tr,"Linksys RV042 router",97
78.162.129.11,78.162.129.11.dynamic.ttnet.com.tr,"Linksys RV042 router",97
78.162.129.131,78.162.129.131.dynamic.ttnet.com.tr,"Linksys RV042 router",97
78.162.130.40,78.162.130.40.dynamic.ttnet.com.tr,"Linksys RV042 router",97
78.162.130.58,78.162.130.58.dynamic.ttnet.com.tr,"Linksys RV042 router",97
78.162.131.25,78.162.131.25.dynamic.ttnet.com.tr,"Linksys RV042 router",97
78.162.131.215,78.162.131.215.dynamic.ttnet.com.tr,"Linksys RV042 router",97
78.162.133.64,78.162.133.64.dynamic.ttnet.com.tr,"Linksys RV042 router",97
78.162.133.117,78.162.133.117.dynamic.ttnet.com.tr,"Linksys RV042 router",97
78.162.134.128,78.162.134.128.dynamic.ttnet.com.tr,"Linksys RV042 router",97
78.162.135.51,78.162.135.51.dynamic.ttnet.com.tr,"Linksys RV042 router",97
78.162.135.59,78.162.135.59.dynamic.ttnet.com.tr,"Linksys RV042 router",97
78.162.135.115,78.162.135.115.dynamic.ttnet.com.tr,"Linksys RV042 router",97
78.162.138.20,78.162.138.20.dynamic.ttnet.com.tr,"Linksys RV042 router",97
78.162.142.244,78.162.142.244.dynamic.ttnet.com.tr,"Linksys RV042 router",97
78.162.148.116,78.162.148.116.dynamic.ttnet.com.tr,"Linksys RV042 router",97
78.162.152.208,78.162.152.208.dynamic.ttnet.com.tr,"Linksys RV042 router",96
78.162.155.223,78.162.155.223.dynamic.ttnet.com.tr,"Linksys RV042 router",97
78.162.156.52,78.162.156.52.dynamic.ttnet.com.tr,"Linksys RV042 router",97
78.162.157.122,78.162.157.122.dynamic.ttnet.com.tr,"Linksys RV042 router",97
78.162.157.203,78.162.157.203.dynamic.ttnet.com.tr,"Linksys RV042 router",97
78.162.157.222,78.162.157.222.dynamic.ttnet.com.tr,"Linksys RV042 router",97
78.162.159.77,78.162.159.77.dynamic.ttnet.com.tr,"Linksys RV042 router",96
78.162.166.78,78.162.166.78.dynamic.ttnet.com.tr,"Linksys RV042 router",97
78.162.167.68,78.162.167.68.dynamic.ttnet.com.tr,"Linksys RV042 router",96
78.162.168.179,78.162.168.179.dynamic.ttnet.com.tr,"Linksys WRV54G WAP",97
78.162.169.97,78.162.169.97.dynamic.ttnet.com.tr,"Linksys RV042 router",97
78.162.171.197,78.162.171.197.dynamic.ttnet.com.tr,"Linksys RV042 router",97
78.162.172.13,78.162.172.13.dynamic.ttnet.com.tr,"Linksys RV042 router",97
78.162.173.34,78.162.173.34.dynamic.ttnet.com.tr,"Linksys RV042 router",97
78.162.176.39,78.162.176.39.dynamic.ttnet.com.tr,"Linksys RV042 router",97
78.162.177.176,78.162.177.176.dynamic.ttnet.com.tr,"Linksys RV042 router",97
78.162.179.10,78.162.179.10.dynamic.ttnet.com.tr,"Linksys RV042 router",97
78.162.179.53,78.162.179.53.dynamic.ttnet.com.tr,"Linksys RV042 router",97
78.162.179.155,78.162.179.155.dynamic.ttnet.com.tr,"Linksys RV042 router",97
78.162.181.135,78.162.181.135.dynamic.ttnet.com.tr,"Linksys RV042 router",97
78.162.182.197,78.162.182.197.dynamic.ttnet.com.tr,"Linksys RV042 router",97
78.162.183.6,78.162.183.6.dynamic.ttnet.com.tr,"Linksys RV042 router",97
78.162.184.182,78.162.184.182.dynamic.ttnet.com.tr,"Linksys RV042 router",97
78.162.188.174,78.162.188.174.dynamic.ttnet.com.tr,"Linksys RV042 router",97
78.162.188.238,78.162.188.238.dynamic.ttnet.com.tr,"Linksys RV042 router",97
78.162.193.209,78.162.193.209.dynamic.ttnet.com.tr,"Linksys RV042 router",97
78.162.194.96,78.162.194.96.dynamic.ttnet.com.tr,"Linksys RV042 router",97
78.162.196.193,78.162.196.193.dynamic.ttnet.com.tr,"Linksys RV042 router",97
78.162.197.217,78.162.197.217.dynamic.ttnet.com.tr,"Linksys RV042 router",97
78.162.198.226,78.162.198.226.dynamic.ttnet.com.tr,"Linksys RV042 router",97
78.162.199.255,78.162.199.255.dynamic.ttnet.com.tr,"Linksys RV042 router",97
78.162.200.102,78.162.200.102.dynamic.ttnet.com.tr,"Linksys RV042 router",97
78.162.203.242,78.162.203.242.dynamic.ttnet.com.tr,"Linux 2.6.14 - 2.6.30",97
78.162.205.78,78.162.205.78.dynamic.ttnet.com.tr,"Linksys RV042 router",97
78.162.206.32,78.162.206.32.dynamic.ttnet.com.tr,"Linksys RV042 router",97
78.162.207.102,78.162.207.102.dynamic.ttnet.com.tr,"Linksys RV042 router",97
78.162.207.161,78.162.207.161.dynamic.ttnet.com.tr,"Linksys RV042 router",97
78.162.213.90,78.162.213.90.dynamic.ttnet.com.tr,"Linksys RV042 router",97
78.162.216.67,78.162.216.67.dynamic.ttnet.com.tr,"Linksys RV042 router",97
78.162.216.209,78.162.216.209.dynamic.ttnet.com.tr,"Linksys RV042 router",97
78.162.218.211,78.162.218.211.dynamic.ttnet.com.tr,"Linksys RV042 router",97
78.162.219.88,78.162.219.88.dynamic.ttnet.com.tr,"Linksys RV042 router",96
78.162.224.1,78.162.224.1.dynamic.ttnet.com.tr,"Linksys RV042 router",97
78.162.226.18,78.162.226.18.dynamic.ttnet.com.tr,"Linksys RV042 router",97
78.162.228.118,78.162.228.118.dynamic.ttnet.com.tr,"Linksys RV042 router",97
78.162.228.213,78.162.228.213.dynamic.ttnet.com.tr,"Linksys RV042 router",97
78.162.229.42,78.162.229.42.dynamic.ttnet.com.tr,"Linksys RV042 router",97
78.162.229.202,78.162.229.202.dynamic.ttnet.com.tr,"Linksys RV042 router",97
78.162.230.85,78.162.230.85.dynamic.ttnet.com.tr,"Linksys RV042 router",97
78.162.231.104,78.162.231.104.dynamic.ttnet.com.tr,"Linksys RV042 router",97
78.162.234.51,78.162.234.51.dynamic.ttnet.com.tr,"Linksys RV042 router",97
78.162.238.78,78.162.238.78.dynamic.ttnet.com.tr,"Linksys RV042 router",97
78.162.241.47,78.162.241.47.dynamic.ttnet.com.tr,"Linksys RV042 router",97
78.162.243.159,78.162.243.159.dynamic.ttnet.com.tr,"Linksys RV042 router",97
78.162.243.162,78.162.243.162.dynamic.ttnet.com.tr,"Linksys RV042 router",97
78.162.246.213,78.162.246.213.dynamic.ttnet.com.tr,"Linksys RV042 router",97
78.162.247.19,78.162.247.19.dynamic.ttnet.com.tr,"Linksys RV042 router",97
78.162.248.46,78.162.248.46.dynamic.ttnet.com.tr,"Linksys RV042 router",97
78.162.249.65,78.162.249.65.dynamic.ttnet.com.tr,"Linksys RV042 router",97
78.162.252.113,78.162.252.113.dynamic.ttnet.com.tr,"Linksys RV042 router",97
78.162.253.46,78.162.253.46.dynamic.ttnet.com.tr,"Linux 2.6.14 - 2.6.30",97
78.162.254.204,78.162.254.204.dynamic.ttnet.com.tr,"Linksys RV042 router",97
78.162.255.170,78.162.255.170.dynamic.ttnet.com.tr,"Linksys RV042 router",97
78.163.2.42,78.163.2.42.dynamic.ttnet.com.tr,"Linksys RV042 router",97
78.163.3.89,78.163.3.89.dynamic.ttnet.com.tr,"Linksys RV042 router",97
78.163.5.7,78.163.5.7.dynamic.ttnet.com.tr,"Linksys RV042 router",97
78.163.7.26,78.163.7.26.dynamic.ttnet.com.tr,"Linksys RV042 router",97
78.163.7.71,78.163.7.71.dynamic.ttnet.com.tr,"Linksys RV042 router",97
78.163.8.48,78.163.8.48.dynamic.ttnet.com.tr,"Linksys RV042 router",97
78.163.8.55,78.163.8.55.dynamic.ttnet.com.tr,"Linksys RV042 router",97
78.163.9.107,78.163.9.107.dynamic.ttnet.com.tr,"Linksys RV042 router",97
78.163.10.229,78.163.10.229.dynamic.ttnet.com.tr,"Linksys RV042 router",97
78.163.11.40,78.163.11.40.dynamic.ttnet.com.tr,"Linksys RV042 router",97
78.163.11.119,78.163.11.119.dynamic.ttnet.com.tr,"D-Link DSL-500G ADSL router",95
78.163.14.238,78.163.14.238.dynamic.ttnet.com.tr,"Linksys RV042 router",97
78.163.15.7,78.163.15.7.dynamic.ttnet.com.tr,"Linksys RV042 router",97
78.163.15.43,78.163.15.43.dynamic.ttnet.com.tr,"Linksys RV042 router",97
78.163.15.179,78.163.15.179.dynamic.ttnet.com.tr,"Linksys RV042 router",97
78.163.17.93,78.163.17.93.dynamic.ttnet.com.tr,"Linksys RV042 router",97
78.163.17.140,78.163.17.140.dynamic.ttnet.com.tr,"Linksys RV042 router",97
78.163.18.63,78.163.18.63.dynamic.ttnet.com.tr,"Linksys WRV54G WAP",97
78.163.18.109,78.163.18.109.dynamic.ttnet.com.tr,"Linksys RV042 router",97
78.163.18.117,78.163.18.117.dynamic.ttnet.com.tr,"Linksys RV042 router",97
78.163.18.246,78.163.18.246.dynamic.ttnet.com.tr,"Linksys RV042 router",96
78.163.19.52,78.163.19.52.dynamic.ttnet.com.tr,"Linux 2.6.14 - 2.6.30",97
78.163.21.126,78.163.21.126.dynamic.ttnet.com.tr,"Linksys RV042 router",97
78.163.22.24,78.163.22.24.dynamic.ttnet.com.tr,"Linksys RV042 router",97
78.163.22.62,78.163.22.62.dynamic.ttnet.com.tr,"Linksys RV042 router",97
78.163.22.84,78.163.22.84.dynamic.ttnet.com.tr,"Linksys RV042 router",97
78.163.22.188,78.163.22.188.dynamic.ttnet.com.tr,"Linksys RV042 router",96
78.163.23.190,78.163.23.190.dynamic.ttnet.com.tr,"Linksys RV042 router",97
78.163.24.49,78.163.24.49.dynamic.ttnet.com.tr,"Linksys RV042 router",97
78.163.24.105,78.163.24.105.dynamic.ttnet.com.tr,"Linksys RV042 router",96
78.163.25.143,78.163.25.143.dynamic.ttnet.com.tr,"Linksys RV042 router",97
78.163.26.100,78.163.26.100.dynamic.ttnet.com.tr,"Linksys RV042 router",97
78.163.26.196,78.163.26.196.dynamic.ttnet.com.tr,"Avaya G700 Telephony Media Gateway or Sun Advanced Lights Out Maganer 1.5.2 (VxWorks)",97
78.163.27.15,78.163.27.15.dynamic.ttnet.com.tr,"Linksys RV042 router",97
78.163.27.212,78.163.27.212.dynamic.ttnet.com.tr,"Linksys RV042 router",97
78.163.28.234,78.163.28.234.dynamic.ttnet.com.tr,"Linksys RV042 router",97
78.163.29.172,78.163.29.172.dynamic.ttnet.com.tr,"Linksys RV042 router",97
78.163.30.141,78.163.30.141.dynamic.ttnet.com.tr,"D-Link DSL-500G ADSL router",95
78.163.31.39,78.163.31.39.dynamic.ttnet.com.tr,"Linksys RV042 router",97
78.163.33.199,78.163.33.199.dynamic.ttnet.com.tr,"Linksys RV042 router",97
78.163.33.202,78.163.33.202.dynamic.ttnet.com.tr,"Avaya G700 Telephony Media Gateway or Sun Advanced Lights Out Maganer 1.5.2 (VxWorks)",97
78.163.34.45,78.163.34.45.dynamic.ttnet.com.tr,"Linksys RV042 router",97
78.163.34.167,78.163.34.167.dynamic.ttnet.com.tr,"Linksys RV042 router",97
78.163.36.95,78.163.36.95.dynamic.ttnet.com.tr,"Linksys RV042 router",97
78.163.38.208,78.163.38.208.dynamic.ttnet.com.tr,"Linksys RV042 router",97
78.163.40.117,78.163.40.117.dynamic.ttnet.com.tr,"OpenWrt (Linux 2.4.32)",94
78.163.42.76,78.163.42.76.dynamic.ttnet.com.tr,"Linksys RV042 router",97
78.163.43.213,78.163.43.213.dynamic.ttnet.com.tr,"Linksys RV042 router",97
78.163.44.0,78.163.44.0.dynamic.ttnet.com.tr,"Linksys RV042 router",97
78.163.44.240,78.163.44.240.dynamic.ttnet.com.tr,"Linksys RV042 router",97
78.163.45.219,78.163.45.219.dynamic.ttnet.com.tr,"Linksys RV042 router",97
78.163.46.183,78.163.46.183.dynamic.ttnet.com.tr,"Linksys RV042 router",97
78.163.48.132,78.163.48.132.dynamic.ttnet.com.tr,"ZyXEL Prestige 660R ADSL router",97
78.163.49.214,78.163.49.214.dynamic.ttnet.com.tr,"Linksys RV042 router",97
78.163.51.71,78.163.51.71.dynamic.ttnet.com.tr,"ADSL router: Huawei MT800u-T; or ZyXEL Prestige 623ME-T1, 643, 662HW-61, 782, or 2602R-61",94
78.163.51.102,78.163.51.102.dynamic.ttnet.com.tr,"Linksys RV042 router",97
78.163.51.114,78.163.51.114.dynamic.ttnet.com.tr,"Avaya G700 Telephony Media Gateway or Sun Advanced Lights Out Maganer 1.5.2 (VxWorks)",97
78.163.52.22,78.163.52.22.dynamic.ttnet.com.tr,"Linksys RV042 router",97
78.163.54.57,78.163.54.57.dynamic.ttnet.com.tr,"Linksys RV042 router",97
78.163.56.90,78.163.56.90.dynamic.ttnet.com.tr,"Linksys RV042 router",97
78.163.56.111,78.163.56.111.dynamic.ttnet.com.tr,"Linksys RV042 router",97
78.163.56.216,78.163.56.216.dynamic.ttnet.com.tr,"Linksys RV042 router",97
78.163.57.175,78.163.57.175.dynamic.ttnet.com.tr,"Linksys RV042 router",97
78.163.57.245,78.163.57.245.dynamic.ttnet.com.tr,"ADSL router: Huawei MT800u-T; or ZyXEL Prestige 623ME-T1, 643, 662HW-61, 782, or 2602R-61",97
78.163.59.26,78.163.59.26.dynamic.ttnet.com.tr,"Linksys RV042 router",97
78.163.59.33,78.163.59.33.dynamic.ttnet.com.tr,"Linksys RV042 router",97
78.163.59.47,78.163.59.47.dynamic.ttnet.com.tr,"Linksys RV042 router",97
78.163.59.199,78.163.59.199.dynamic.ttnet.com.tr,"Linksys RV042 router",97
78.163.60.122,78.163.60.122.dynamic.ttnet.com.tr,"Linksys RV042 router",97
78.163.60.130,78.163.60.130.dynamic.ttnet.com.tr,"Linksys RV042 router",97
78.163.61.246,78.163.61.246.dynamic.ttnet.com.tr,"D-Link DSL-500G ADSL router",95
78.163.62.239,78.163.62.239.dynamic.ttnet.com.tr,"Linksys RV042 router",97
78.163.81.57,78.163.81.57.dynamic.ttnet.com.tr,"D-Link DWL-624+ or DWL-2000AP, or TRENDnet TEW-432BRP WAP",87
78.163.84.178,78.163.84.178.dynamic.ttnet.com.tr,"Linksys RV042 router",97
78.163.85.167,78.163.85.167.dynamic.ttnet.com.tr,"Linksys RV042 router",97
78.163.85.202,78.163.85.202.dynamic.ttnet.com.tr,"Linksys RV042 router",97
78.163.92.56,78.163.92.56.dynamic.ttnet.com.tr,"Linksys RV042 router",97
78.163.94.122,78.163.94.122.dynamic.ttnet.com.tr,"Linksys RV042 router",97
78.163.96.124,78.163.96.124.dynamic.ttnet.com.tr,"Linksys RV042 router",96
78.163.97.204,78.163.97.204.dynamic.ttnet.com.tr,"Linux 2.6.14 - 2.6.30",97
78.163.104.26,78.163.104.26.dynamic.ttnet.com.tr,"Linksys RV042 router",97
78.163.105.65,78.163.105.65.dynamic.ttnet.com.tr,"3Com NBX 100 VoIP adapter (VxWorks)",96
78.163.110.82,78.163.110.82.dynamic.ttnet.com.tr,"Linksys RV042 router",97
78.163.116.104,78.163.116.104.dynamic.ttnet.com.tr,"Linksys RV042 router",97
78.163.117.99,78.163.117.99.dynamic.ttnet.com.tr,"Linksys RV042 router",96
78.163.118.253,78.163.118.253.dynamic.ttnet.com.tr,"Linksys RV042 router",97
78.163.122.25,78.163.122.25.dynamic.ttnet.com.tr,"Linksys RV042 router",97
78.163.124.91,78.163.124.91.dynamic.ttnet.com.tr,"Linksys RV042 router",97
78.163.126.13,78.163.126.13.dynamic.ttnet.com.tr,"Linksys RV042 router",97
78.163.126.157,78.163.126.157.dynamic.ttnet.com.tr,"Linksys RV042 router",97
78.163.128.97,78.163.128.97.dynamic.ttnet.com.tr,"Linksys RV042 router",97
78.163.129.237,78.163.129.237.dynamic.ttnet.com.tr,"Linksys RV042 router",97
78.163.130.153,78.163.130.153.dynamic.ttnet.com.tr,"ZyXEL Prestige 600-series ADSL router",91
78.163.132.47,78.163.132.47.dynamic.ttnet.com.tr,"Linksys RV042 router",97
78.163.137.14,78.163.137.14.dynamic.ttnet.com.tr,"Linksys RV042 router",97
78.163.140.160,78.163.140.160.dynamic.ttnet.com.tr,"Linksys RV042 router",97
78.163.146.164,78.163.146.164.dynamic.ttnet.com.tr,"ZyXEL Prestige 600-series ADSL router",91
78.163.149.176,78.163.149.176.dynamic.ttnet.com.tr,"Linksys RV042 router",96
78.163.150.163,78.163.150.163.dynamic.ttnet.com.tr,"Linksys RV042 router",97
78.163.156.170,78.163.156.170.dynamic.ttnet.com.tr,"Linksys RV042 router",97
78.163.163.135,78.163.163.135.dynamic.ttnet.com.tr,"Linksys RV042 router",97
78.163.167.169,78.163.167.169.dynamic.ttnet.com.tr,"Linksys RV042 router",97
78.163.172.162,78.163.172.162.dynamic.ttnet.com.tr,"Linksys RV042 router",97
78.163.173.51,78.163.173.51.dynamic.ttnet.com.tr,"Linksys RV042 router",88
78.163.174.156,78.163.174.156.dynamic.ttnet.com.tr,"Linksys WRV54G WAP",97
78.163.174.180,78.163.174.180.dynamic.ttnet.com.tr,"ADSL router: Huawei MT800u-T; or ZyXEL Prestige 623ME-T1, 643, 662HW-61, 782, or 2602R-61",96
78.163.175.247,78.163.175.247.dynamic.ttnet.com.tr,"Linksys RV042 router",97
78.163.178.8,78.163.178.8.dynamic.ttnet.com.tr,"Linksys RV042 router",97
78.163.178.80,78.163.178.80.dynamic.ttnet.com.tr,"Linksys RV042 router",97
78.163.180.55,78.163.180.55.dynamic.ttnet.com.tr,"Linksys RV042 router",97
78.163.183.0,78.163.183.0.dynamic.ttnet.com.tr,"Linksys RV042 router",97
78.163.185.7,78.163.185.7.dynamic.ttnet.com.tr,"ADSL router: Huawei MT800u-T; or ZyXEL Prestige 623ME-T1, 643, 662HW-61, 782, or 2602R-61",96
78.163.191.119,78.163.191.119.dynamic.ttnet.com.tr,"Linksys RV042 router",97
78.163.198.168,78.163.198.168.dynamic.ttnet.com.tr,"Linksys RV042 router",97
78.163.199.105,78.163.199.105.dynamic.ttnet.com.tr,"Linksys RV042 router",97
78.163.200.37,78.163.200.37.dynamic.ttnet.com.tr,"Linksys RV042 router",97
78.163.202.15,78.163.202.15.dynamic.ttnet.com.tr,"Linksys RV042 router",97
78.163.204.127,78.163.204.127.dynamic.ttnet.com.tr,"Linksys RV042 router",97
78.163.209.17,78.163.209.17.dynamic.ttnet.com.tr,"Linksys RV042 router",97
78.163.210.165,78.163.210.165.dynamic.ttnet.com.tr,"Linksys RV042 router",97
78.163.222.174,78.163.222.174.dynamic.ttnet.com.tr,"Linksys RV042 router",97
78.163.235.224,78.163.235.224.dynamic.ttnet.com.tr,"Linksys RV042 router",97
78.163.236.9,78.163.236.9.dynamic.ttnet.com.tr,"Linksys RV042 router",97
78.163.249.200,78.163.249.200.dynamic.ttnet.com.tr,"Linksys RV042 router",97
78.163.251.170,78.163.251.170.dynamic.ttnet.com.tr,"Linksys RV042 router",97
78.164.0.143,78.164.0.143.dynamic.ttnet.com.tr,"Linksys RV042 router",97
78.164.1.50,78.164.1.50.dynamic.ttnet.com.tr,"Linksys RV042 router",97
78.164.2.152,78.164.2.152.dynamic.ttnet.com.tr,"Linksys RV042 router",97
78.164.4.114,78.164.4.114.dynamic.ttnet.com.tr,"Linksys RV042 router",97
78.164.5.39,78.164.5.39.dynamic.ttnet.com.tr,"Linksys RV042 router",97
78.164.6.193,78.164.6.193.dynamic.ttnet.com.tr,"Linksys RV042 router",97
78.164.8.210,78.164.8.210.dynamic.ttnet.com.tr,"Linksys RV042 router",97
78.164.9.103,78.164.9.103.dynamic.ttnet.com.tr,"Linksys RV042 router",97
78.164.11.18,78.164.11.18.dynamic.ttnet.com.tr,"Linksys RV042 router",97
78.164.12.243,78.164.12.243.dynamic.ttnet.com.tr,"Linksys RV042 router",97
78.164.14.78,78.164.14.78.dynamic.ttnet.com.tr,"Linksys RV042 router",97
78.164.14.91,78.164.14.91.dynamic.ttnet.com.tr,"Linksys RV042 router",97
78.164.15.117,78.164.15.117.dynamic.ttnet.com.tr,"Linksys RV042 router",97
78.164.15.236,78.164.15.236.dynamic.ttnet.com.tr,"Linksys RV042 router",97
78.164.16.220,78.164.16.220.dynamic.ttnet.com.tr,"Linksys RV042 router",97
78.164.17.80,78.164.17.80.dynamic.ttnet.com.tr,"Linksys RV042 router",97
78.164.19.215,78.164.19.215.dynamic.ttnet.com.tr,"Linksys RV042 router",97
78.164.20.116,78.164.20.116.dynamic.ttnet.com.tr,"Linux 2.6.14 - 2.6.30",97
78.164.21.76,78.164.21.76.dynamic.ttnet.com.tr,"Linksys RV042 router",97
78.164.22.7,78.164.22.7.dynamic.ttnet.com.tr,"Linksys RV042 router",97
78.164.22.79,78.164.22.79.dynamic.ttnet.com.tr,"Linksys RV042 router",97
78.164.22.154,78.164.22.154.dynamic.ttnet.com.tr,"Linksys RV042 router",97
78.164.22.161,78.164.22.161.dynamic.ttnet.com.tr,"Linksys RV042 router",97
78.164.25.182,78.164.25.182.dynamic.ttnet.com.tr,"Linksys RV042 router",97
78.164.26.158,78.164.26.158.dynamic.ttnet.com.tr,"Linksys RV042 router",97
78.164.26.213,78.164.26.213.dynamic.ttnet.com.tr,"Linksys RV042 router",97
78.164.27.51,78.164.27.51.dynamic.ttnet.com.tr,"Linux 2.6.14 - 2.6.30",97
78.164.28.141,78.164.28.141.dynamic.ttnet.com.tr,"Linksys RV042 router",97
78.164.29.148,78.164.29.148.dynamic.ttnet.com.tr,"Linksys RV042 router",97
78.164.30.19,78.164.30.19.dynamic.ttnet.com.tr,"Linksys RV042 router",97
78.164.31.38,78.164.31.38.dynamic.ttnet.com.tr,"OpenWrt (Linux 2.4.32)",94
78.164.32.0,78.164.32.0.dynamic.ttnet.com.tr,"Linksys RV042 router",97
78.164.32.70,78.164.32.70.dynamic.ttnet.com.tr,"Linksys RV042 router",97
78.164.32.217,78.164.32.217.dynamic.ttnet.com.tr,"Linksys RV042 router",97
78.164.33.251,78.164.33.251.dynamic.ttnet.com.tr,"Linksys RV042 router",97
78.164.34.64,78.164.34.64.dynamic.ttnet.com.tr,"Linksys RV042 router",97
78.164.34.68,78.164.34.68.dynamic.ttnet.com.tr,"Linksys RV042 router",97
78.164.35.57,78.164.35.57.dynamic.ttnet.com.tr,"Linksys RV042 router",97
78.164.36.3,78.164.36.3.dynamic.ttnet.com.tr,"Linksys RV042 router",97
78.164.36.141,78.164.36.141.dynamic.ttnet.com.tr,"Linksys RV042 router",97
78.164.37.98,78.164.37.98.dynamic.ttnet.com.tr,"Linksys RV042 router",97
78.164.37.108,78.164.37.108.dynamic.ttnet.com.tr,"Linksys RV042 router",97
78.164.37.180,78.164.37.180.dynamic.ttnet.com.tr,"Linksys RV042 router",97
78.164.38.101,78.164.38.101.dynamic.ttnet.com.tr,"Linksys RV042 router",97
78.164.38.170,78.164.38.170.dynamic.ttnet.com.tr,"Linksys RV042 router",97
78.164.39.23,78.164.39.23.dynamic.ttnet.com.tr,"Linksys RV042 router",97
78.164.40.127,78.164.40.127.dynamic.ttnet.com.tr,"Linksys RV042 router",97
78.164.41.95,78.164.41.95.dynamic.ttnet.com.tr,"Linksys RV042 router",97
78.164.42.18,78.164.42.18.dynamic.ttnet.com.tr,"Linksys RV042 router",97
78.164.44.132,78.164.44.132.dynamic.ttnet.com.tr,"Linux 2.6.14 - 2.6.30",97
78.164.45.67,78.164.45.67.dynamic.ttnet.com.tr,"Linksys RV042 router",97
78.164.45.134,78.164.45.134.dynamic.ttnet.com.tr,"Linksys RV042 router",96
78.164.45.235,78.164.45.235.dynamic.ttnet.com.tr,"Linksys RV042 router",97
78.164.46.114,78.164.46.114.dynamic.ttnet.com.tr,"Linksys RV042 router",97
78.164.46.141,78.164.46.141.dynamic.ttnet.com.tr,"Linksys RV042 router",97
78.164.47.162,78.164.47.162.dynamic.ttnet.com.tr,"Linksys RV042 router",97
78.164.49.254,78.164.49.254.dynamic.ttnet.com.tr,"Linksys RV042 router",97
78.164.50.100,78.164.50.100.dynamic.ttnet.com.tr,"Linksys RV042 router",97
78.164.55.248,78.164.55.248.dynamic.ttnet.com.tr,"Linksys RV042 router",97
78.164.58.12,78.164.58.12.dynamic.ttnet.com.tr,"Linksys RV042 router",97
78.164.58.209,78.164.58.209.dynamic.ttnet.com.tr,"Linksys RV042 router",97
78.164.60.34,78.164.60.34.dynamic.ttnet.com.tr,"Linksys RV042 router",97
78.164.61.138,78.164.61.138.dynamic.ttnet.com.tr,"Linksys RV042 router",96
78.164.63.32,78.164.63.32.dynamic.ttnet.com.tr,"Linksys RV042 router",97
78.164.63.59,78.164.63.59.dynamic.ttnet.com.tr,"Linksys RV042 router",97
78.164.82.76,78.164.82.76.dynamic.ttnet.com.tr,"Linksys RV042 router",97
78.164.83.101,78.164.83.101.dynamic.ttnet.com.tr,"Linksys RV042 router",97
78.164.83.185,78.164.83.185.dynamic.ttnet.com.tr,"Linksys RV042 router",97
78.164.84.5,78.164.84.5.dynamic.ttnet.com.tr,"Linksys RV042 router",97
78.164.84.91,78.164.84.91.dynamic.ttnet.com.tr,"ADSL router: Huawei MT800u-T; or ZyXEL Prestige 623ME-T1, 643, 662HW-61, 782, or 2602R-61",96
78.164.87.164,78.164.87.164.dynamic.ttnet.com.tr,"Linksys RV042 router",97
78.164.89.253,78.164.89.253.dynamic.ttnet.com.tr,"Linksys WRV54G WAP",97
78.164.92.227,78.164.92.227.dynamic.ttnet.com.tr,"Linksys RV042 router",97
78.164.134.1,78.164.134.1.dynamic.ttnet.com.tr,"Linksys RV042 router",97
78.164.134.105,78.164.134.105.dynamic.ttnet.com.tr,"Linksys RV042 router",97
78.164.139.227,78.164.139.227.dynamic.ttnet.com.tr,"Linksys RV042 router",97
78.164.140.150,78.164.140.150.dynamic.ttnet.com.tr,"Linksys RV042 router",97
78.164.141.68,78.164.141.68.dynamic.ttnet.com.tr,"Linksys RV042 router",97
78.164.142.126,78.164.142.126.dynamic.ttnet.com.tr,"Linksys RV042 router",97
78.164.143.28,78.164.143.28.dynamic.ttnet.com.tr,"Linux 2.6.20-1 (Fedora Core 5)",88
78.164.143.112,78.164.143.112.dynamic.ttnet.com.tr,"Linksys RV042 router",97
78.164.163.38,78.164.163.38.dynamic.ttnet.com.tr,"Linksys RV042 router",97
78.164.177.85,78.164.177.85.dynamic.ttnet.com.tr,"Linksys RV042 router",97
78.164.193.189,78.164.193.189.dynamic.ttnet.com.tr,"Linksys RV042 router",97
78.164.194.152,78.164.194.152.dynamic.ttnet.com.tr,"Linksys RV042 router",97
78.164.195.239,78.164.195.239.dynamic.ttnet.com.tr,"Linksys RV042 router",97
78.164.196.243,78.164.196.243.dynamic.ttnet.com.tr,"Linksys RV042 router",97
78.164.199.94,78.164.199.94.dynamic.ttnet.com.tr,"Linksys RV042 router",97
78.164.209.39,78.164.209.39.dynamic.ttnet.com.tr,"Linksys RV042 router",97
78.164.210.25,78.164.210.25.dynamic.ttnet.com.tr,"D-Link DWL-624+ or DWL-2000AP, or TRENDnet TEW-432BRP WAP",91
78.164.212.189,78.164.212.189.dynamic.ttnet.com.tr,"Linksys RV042 router",97
78.164.214.16,78.164.214.16.dynamic.ttnet.com.tr,"Linksys RV042 router",97
78.164.219.185,78.164.219.185.dynamic.ttnet.com.tr,"Linksys RV042 router",97
78.164.222.100,78.164.222.100.dynamic.ttnet.com.tr,"Linksys RV042 router",97
78.164.228.136,78.164.228.136.dynamic.ttnet.com.tr,"Linksys RV042 router",97
78.164.231.180,78.164.231.180.dynamic.ttnet.com.tr,"Linksys RV042 router",97
78.164.232.156,78.164.232.156.dynamic.ttnet.com.tr,"Linksys RV042 router",97
78.164.240.73,78.164.240.73.dynamic.ttnet.com.tr,"Linksys RV042 router",97
78.164.241.237,78.164.241.237.dynamic.ttnet.com.tr,"Linksys RV042 router",97
78.164.244.35,78.164.244.35.dynamic.ttnet.com.tr,"Linksys RV042 router",97
78.164.244.109,78.164.244.109.dynamic.ttnet.com.tr,"Linksys RV042 router",97
78.164.244.179,78.164.244.179.dynamic.ttnet.com.tr,"Linksys RV042 router",97
78.165.33.42,78.165.33.42.dynamic.ttnet.com.tr,"Linksys RV042 router",97
78.165.33.121,78.165.33.121.dynamic.ttnet.com.tr,"ADSL router: Huawei MT800u-T; or ZyXEL Prestige 623ME-T1, 643, 662HW-61, 782, or 2602R-61",97
78.165.35.184,78.165.35.184.dynamic.ttnet.com.tr,"Linksys RV042 router",97
78.165.41.208,78.165.41.208.dynamic.ttnet.com.tr,"Linksys RV042 router",97
78.165.42.93,78.165.42.93.dynamic.ttnet.com.tr,"Linksys RV042 router",97
78.165.43.30,78.165.43.30.dynamic.ttnet.com.tr,"Linksys RV042 router",97
78.165.43.88,78.165.43.88.dynamic.ttnet.com.tr,"Linksys RV042 router",97
78.165.47.97,78.165.47.97.dynamic.ttnet.com.tr,"Linksys RV042 router",97
78.165.48.77,78.165.48.77.dynamic.ttnet.com.tr,"Belkin F6D4630-4 v1 WAP",99
78.165.49.60,78.165.49.60.dynamic.ttnet.com.tr,"Linksys WRV54G WAP",97
78.165.49.98,78.165.49.98.dynamic.ttnet.com.tr,"D-Link DSL-500G ADSL router",95
78.165.49.134,78.165.49.134.dynamic.ttnet.com.tr,"Linksys RV042 router",97
78.165.49.173,78.165.49.173.dynamic.ttnet.com.tr,"Linksys RV042 router",97
78.165.53.173,78.165.53.173.dynamic.ttnet.com.tr,"Avaya G700 Telephony Media Gateway or Sun Advanced Lights Out Maganer 1.5.2 (VxWorks)",97
78.165.53.204,78.165.53.204.dynamic.ttnet.com.tr,"Belkin F5D7230-4 WAP or SMC SMC7008ABR router",97
78.165.55.164,78.165.55.164.dynamic.ttnet.com.tr,"Linksys RV042 router",97
78.165.58.85,78.165.58.85.dynamic.ttnet.com.tr,"Linksys RV042 router",97
78.165.60.13,78.165.60.13.dynamic.ttnet.com.tr,"3Com NBX 100 VoIP adapter (VxWorks)",96
78.165.63.221,78.165.63.221.dynamic.ttnet.com.tr,"Linksys RV042 router",97
78.165.66.18,78.165.66.18.dynamic.ttnet.com.tr,"Linksys RV042 router",97
78.165.67.165,78.165.67.165.dynamic.ttnet.com.tr,"Linksys RV042 router",97
78.165.73.121,78.165.73.121.dynamic.ttnet.com.tr,"Linksys RV042 router",97
78.165.79.102,78.165.79.102.dynamic.ttnet.com.tr,"Linksys RV042 router",97
78.165.86.233,78.165.86.233.dynamic.ttnet.com.tr,"Linksys RV042 router",97
78.165.90.182,78.165.90.182.dynamic.ttnet.com.tr,"Linksys RV042 router",97
78.165.92.193,78.165.92.193.dynamic.ttnet.com.tr,"Linksys RV042 router",97
78.165.118.165,78.165.118.165.dynamic.ttnet.com.tr,"Linksys RV042 router",97
78.165.127.12,78.165.127.12.dynamic.ttnet.com.tr,"Linksys RV042 router",97
78.165.129.158,78.165.129.158.dynamic.ttnet.com.tr,"Linksys RV042 router",97
78.165.130.190,78.165.130.190.dynamic.ttnet.com.tr,"Linksys RV042 router",97
78.165.134.122,78.165.134.122.dynamic.ttnet.com.tr,"Linksys RV042 router",97
78.165.139.14,78.165.139.14.dynamic.ttnet.com.tr,"Linksys RV042 router",97
78.165.139.193,78.165.139.193.dynamic.ttnet.com.tr,"Linksys RV042 router",97
78.165.140.194,78.165.140.194.dynamic.ttnet.com.tr,"Linksys RV042 router",97
78.165.142.155,78.165.142.155.dynamic.ttnet.com.tr,"Linksys RV042 router",97
78.165.142.200,78.165.142.200.dynamic.ttnet.com.tr,"Linksys RV042 router",97
78.165.143.28,78.165.143.28.dynamic.ttnet.com.tr,"Linksys RV042 router",97
78.165.144.56,78.165.144.56.dynamic.ttnet.com.tr,"Linksys RV042 router",97
78.165.146.141,78.165.146.141.dynamic.ttnet.com.tr,"Linksys RV042 router",96
78.165.153.69,78.165.153.69.dynamic.ttnet.com.tr,"Linksys RV042 router",96
78.165.163.246,78.165.163.246.dynamic.ttnet.com.tr,"Linksys WRV54G WAP",97
78.165.166.115,78.165.166.115.dynamic.ttnet.com.tr,"Linksys RV042 router",97
78.165.171.181,78.165.171.181.dynamic.ttnet.com.tr,"Linksys RV042 router",97
78.165.172.59,78.165.172.59.dynamic.ttnet.com.tr,"Linksys RV042 router",97
78.165.173.5,78.165.173.5.dynamic.ttnet.com.tr,"Linksys RV042 router",97
78.165.173.51,78.165.173.51.dynamic.ttnet.com.tr,"Linksys RV042 router",97
78.165.176.40,78.165.176.40.dynamic.ttnet.com.tr,"Linksys WRV54G WAP",97
78.165.178.144,78.165.178.144.dynamic.ttnet.com.tr,"Linksys WRV54G WAP",96
78.165.180.45,78.165.180.45.dynamic.ttnet.com.tr,"Linksys RV042 router",97
78.165.184.173,78.165.184.173.dynamic.ttnet.com.tr,"Linksys RV042 router",97
78.165.188.69,78.165.188.69.dynamic.ttnet.com.tr,"Linksys RV042 router",97
78.165.189.212,78.165.189.212.dynamic.ttnet.com.tr,"Linksys RV042 router",97
78.165.189.240,78.165.189.240.dynamic.ttnet.com.tr,"Linksys RV042 router",97
78.165.190.95,78.165.190.95.dynamic.ttnet.com.tr,"Linksys RV042 router",97
78.165.202.233,78.165.202.233.dynamic.ttnet.com.tr,"Linksys RV042 router",97
78.165.211.221,78.165.211.221.dynamic.ttnet.com.tr,"Belkin F5D8233 WAP",99
78.165.217.200,78.165.217.200.dynamic.ttnet.com.tr,"Linksys RV042 router",97
78.165.217.202,78.165.217.202.dynamic.ttnet.com.tr,"Linksys RV042 router",97
78.165.222.188,78.165.222.188.dynamic.ttnet.com.tr,"Linksys RV042 router",97
78.165.227.124,78.165.227.124.dynamic.ttnet.com.tr,"Linksys RV042 router",97
78.165.228.216,78.165.228.216.dynamic.ttnet.com.tr,"Linksys RV042 router",97
78.165.246.116,78.165.246.116.dynamic.ttnet.com.tr,"Linksys RV042 router",97
78.165.246.231,78.165.246.231.dynamic.ttnet.com.tr,"Linksys RV042 router",97
78.165.252.145,78.165.252.145.dynamic.ttnet.com.tr,"Linksys RV042 router",97
78.166.6.170,78.166.6.170.dynamic.ttnet.com.tr,"Linksys RV042 router",97
78.166.7.213,78.166.7.213.dynamic.ttnet.com.tr,"Linksys WRV54G WAP",97
78.166.8.175,78.166.8.175.dynamic.ttnet.com.tr,"Linksys RV042 router",97
78.166.10.240,78.166.10.240.dynamic.ttnet.com.tr,"Linksys RV042 router",97
78.166.12.10,78.166.12.10.dynamic.ttnet.com.tr,"Linux 2.6.14 - 2.6.30",97
78.166.13.85,78.166.13.85.dynamic.ttnet.com.tr,"Linksys RV042 router",97
78.166.13.159,78.166.13.159.dynamic.ttnet.com.tr,"Linksys RV042 router",97
78.166.14.115,78.166.14.115.dynamic.ttnet.com.tr,"Linksys RV042 router",97
78.166.14.180,78.166.14.180.dynamic.ttnet.com.tr,"Linksys RV042 router",97
78.166.19.226,78.166.19.226.dynamic.ttnet.com.tr,"Linksys RV042 router",97
78.166.23.119,78.166.23.119.dynamic.ttnet.com.tr,"Linksys RV042 router",97
78.166.24.153,78.166.24.153.dynamic.ttnet.com.tr,"Linksys WRV54G WAP",97
78.166.25.112,78.166.25.112.dynamic.ttnet.com.tr,"Linksys RV042 router",97
78.166.34.51,78.166.34.51.dynamic.ttnet.com.tr,"Linksys RV042 router",97
78.166.36.34,78.166.36.34.dynamic.ttnet.com.tr,"Linksys RV042 router",97
78.166.38.62,78.166.38.62.dynamic.ttnet.com.tr,"Linksys RV042 router",97
78.166.41.48,78.166.41.48.dynamic.ttnet.com.tr,"Linksys RV042 router",96
78.166.41.221,78.166.41.221.dynamic.ttnet.com.tr,"Linksys RV042 router",97
78.166.44.131,78.166.44.131.dynamic.ttnet.com.tr,"Linksys RV042 router",96
78.166.49.34,78.166.49.34.dynamic.ttnet.com.tr,"Linksys WRV54G WAP",96
78.166.53.239,78.166.53.239.dynamic.ttnet.com.tr,"Linksys RV042 router",97
78.166.55.253,78.166.55.253.dynamic.ttnet.com.tr,"Linksys RV042 router",96
78.166.56.76,78.166.56.76.dynamic.ttnet.com.tr,"Linksys RV042 router",97
78.166.57.40,78.166.57.40.dynamic.ttnet.com.tr,"Linksys RV042 router",97
78.166.57.71,78.166.57.71.dynamic.ttnet.com.tr,"Linksys RV042 router",97
78.166.60.84,78.166.60.84.dynamic.ttnet.com.tr,"Linksys RV042 router",97
78.166.60.177,78.166.60.177.dynamic.ttnet.com.tr,"Linksys RV042 router",97
78.166.61.69,78.166.61.69.dynamic.ttnet.com.tr,"Linksys RV042 router",97
78.166.61.196,78.166.61.196.dynamic.ttnet.com.tr,"Linksys RV042 router",96
78.166.63.178,78.166.63.178.dynamic.ttnet.com.tr,"Linksys RV042 router",97
78.166.131.156,78.166.131.156.dynamic.ttnet.com.tr,"Linksys RV042 router",97
78.166.147.251,78.166.147.251.dynamic.ttnet.com.tr,"Linksys RV042 router",97
78.166.155.230,78.166.155.230.dynamic.ttnet.com.tr,"MontaVista embedded Linux 2.4.17",91
78.166.158.70,78.166.158.70.dynamic.ttnet.com.tr,"Linksys RV042 router",97
78.166.158.242,78.166.158.242.dynamic.ttnet.com.tr,"Linksys WRV54G WAP",97
78.166.159.114,78.166.159.114.dynamic.ttnet.com.tr,"Linksys RV042 router",97
78.166.166.148,78.166.166.148.dynamic.ttnet.com.tr,"Linksys RV042 router",97
78.166.170.140,78.166.170.140.dynamic.ttnet.com.tr,"Linksys RV042 router",97
78.166.171.128,78.166.171.128.dynamic.ttnet.com.tr,"Linksys RV042 router",97
78.166.173.203,78.166.173.203.dynamic.ttnet.com.tr,"Linksys RV042 router",97
78.166.178.159,78.166.178.159.dynamic.ttnet.com.tr,"Linksys RV042 router",97
78.166.181.247,78.166.181.247.dynamic.ttnet.com.tr,"Linksys RV042 router",97
78.166.182.114,78.166.182.114.dynamic.ttnet.com.tr,"Linksys RV042 router",97
78.166.184.147,78.166.184.147.dynamic.ttnet.com.tr,"Linksys RV042 router",97
78.166.199.218,78.166.199.218.dynamic.ttnet.com.tr,"OpenWrt (Linux 2.4.32)",94
78.167.6.151,78.167.6.151.dynamic.ttnet.com.tr,"Linksys RV042 router",97
78.167.8.172,78.167.8.172.dynamic.ttnet.com.tr,"Belkin F5D8233 WAP",99
78.167.12.150,78.167.12.150.dynamic.ttnet.com.tr,"Linksys RV042 router",97
78.167.20.126,78.167.20.126.dynamic.ttnet.com.tr,"Linksys RV042 router",97
78.167.22.203,78.167.22.203.dynamic.ttnet.com.tr,"Linksys RV042 router",97
78.167.23.81,78.167.23.81.dynamic.ttnet.com.tr,"Linksys RV042 router",97
78.167.25.253,78.167.25.253.dynamic.ttnet.com.tr,"Linksys RV042 router",97
78.167.26.189,78.167.26.189.dynamic.ttnet.com.tr,"Linksys RV042 router",97
78.167.26.214,78.167.26.214.dynamic.ttnet.com.tr,"Linksys RV042 router",97
78.167.28.120,78.167.28.120.dynamic.ttnet.com.tr,"Linksys RV042 router",97
78.167.38.47,78.167.38.47.dynamic.ttnet.com.tr,"OpenWrt (Linux 2.4.32)",94
78.167.41.44,78.167.41.44.dynamic.ttnet.com.tr,"Linksys RV042 router",97
78.167.42.41,78.167.42.41.dynamic.ttnet.com.tr,"Linksys RV042 router",97
78.167.43.23,78.167.43.23.dynamic.ttnet.com.tr,"Linksys RV042 router",97
78.167.43.152,78.167.43.152.dynamic.ttnet.com.tr,"Linksys RV042 router",97
78.167.55.126,78.167.55.126.dynamic.ttnet.com.tr,"Linksys RV042 router",97
78.167.56.32,78.167.56.32.dynamic.ttnet.com.tr,"Linksys RV042 router",96
78.167.61.4,78.167.61.4.dynamic.ttnet.com.tr,"Linksys RV042 router",97
78.167.62.202,78.167.62.202.dynamic.ttnet.com.tr,"Linksys RV042 router",97
78.167.66.86,78.167.66.86.dynamic.ttnet.com.tr,"Linksys RV042 router",97
78.167.66.192,78.167.66.192.dynamic.ttnet.com.tr,"Linksys RV042 router",97
78.167.75.85,78.167.75.85.dynamic.ttnet.com.tr,"Linksys RV042 router",97
78.167.75.237,78.167.75.237.dynamic.ttnet.com.tr,"D-Link DWL-624+ or DWL-2000AP, or TRENDnet TEW-432BRP WAP",87
78.167.82.189,78.167.82.189.dynamic.ttnet.com.tr,"Linksys RV042 router",97
78.167.85.182,78.167.85.182.dynamic.ttnet.com.tr,"Linksys WRV54G WAP",96
78.167.87.108,78.167.87.108.dynamic.ttnet.com.tr,"Linksys RV042 router",97
78.167.87.123,78.167.87.123.dynamic.ttnet.com.tr,"Linksys RV042 router",97
78.167.89.27,78.167.89.27.dynamic.ttnet.com.tr,"Linksys RV042 router",97
78.167.90.87,78.167.90.87.dynamic.ttnet.com.tr,"Linksys RV042 router",97
78.167.92.194,78.167.92.194.dynamic.ttnet.com.tr,"Linksys RV042 router",97
78.167.94.41,78.167.94.41.dynamic.ttnet.com.tr,"Linksys WRV54G WAP",96
78.167.95.51,78.167.95.51.dynamic.ttnet.com.tr,"Linksys RV042 router",97
78.167.95.200,78.167.95.200.dynamic.ttnet.com.tr,"ADSL router: Huawei MT800u-T; or ZyXEL Prestige 623ME-T1, 643, 662HW-61, 782, or 2602R-61",96
78.167.99.3,78.167.99.3.dynamic.ttnet.com.tr,"Linksys RV042 router",97
78.167.99.142,78.167.99.142.dynamic.ttnet.com.tr,"Linksys RV042 router",97
78.167.99.253,78.167.99.253.dynamic.ttnet.com.tr,"Linksys RV042 router",97
78.167.103.230,78.167.103.230.dynamic.ttnet.com.tr,"Linksys RV042 router",97
78.167.104.80,78.167.104.80.dynamic.ttnet.com.tr,"Linksys RV042 router",97
78.167.108.116,78.167.108.116.dynamic.ttnet.com.tr,"Linksys RV042 router",97
78.167.108.223,78.167.108.223.dynamic.ttnet.com.tr,"Linksys RV042 router",97
78.167.109.240,78.167.109.240.dynamic.ttnet.com.tr,"Linksys RV042 router",97
78.167.111.165,78.167.111.165.dynamic.ttnet.com.tr,"Linksys RV042 router",96
78.167.111.247,78.167.111.247.dynamic.ttnet.com.tr,"Linksys RV042 router",97
78.167.113.121,78.167.113.121.dynamic.ttnet.com.tr,"Linksys RV042 router",97
78.167.114.96,78.167.114.96.dynamic.ttnet.com.tr,"Linksys RV042 router",97
78.167.114.162,78.167.114.162.dynamic.ttnet.com.tr,"Linksys RV042 router",97
78.167.114.196,78.167.114.196.dynamic.ttnet.com.tr,"Belkin F6D4630-4 v1 WAP",99
78.167.116.86,78.167.116.86.dynamic.ttnet.com.tr,"Linksys RV042 router",97
78.167.118.174,78.167.118.174.dynamic.ttnet.com.tr,"OpenWrt (Linux 2.4.32)",94
78.167.119.240,78.167.119.240.dynamic.ttnet.com.tr,"Linksys RV042 router",96
78.167.120.188,78.167.120.188.dynamic.ttnet.com.tr,"Linksys RV042 router",97
78.167.121.112,78.167.121.112.dynamic.ttnet.com.tr,"Linksys RV042 router",97
78.167.122.11,78.167.122.11.dynamic.ttnet.com.tr,"Linksys RV042 router",97
78.167.122.156,78.167.122.156.dynamic.ttnet.com.tr,"Linux 2.6.14 - 2.6.30",97
78.167.123.129,78.167.123.129.dynamic.ttnet.com.tr,"Linksys RV042 router",97
78.167.196.247,78.167.196.247.dynamic.ttnet.com.tr,"Linksys RV042 router",97
78.167.200.33,78.167.200.33.dynamic.ttnet.com.tr,"ADSL router: Huawei MT800u-T; or ZyXEL Prestige 623ME-T1, 643, 662HW-61, 782, or 2602R-61",98
78.167.203.41,78.167.203.41.dynamic.ttnet.com.tr,"Linksys RV042 router",97
78.167.203.147,78.167.203.147.dynamic.ttnet.com.tr,"Linksys RV042 router",97
78.167.232.0,78.167.232.0.dynamic.ttnet.com.tr,"Linksys RV042 router",97
78.167.233.225,78.167.233.225.dynamic.ttnet.com.tr,"Linksys RV042 router",97
78.167.251.155,78.167.251.155.dynamic.ttnet.com.tr,"Linksys RV042 router",97
78.167.253.138,78.167.253.138.dynamic.ttnet.com.tr,"Linksys RV042 router",97
78.167.255.138,78.167.255.138.dynamic.ttnet.com.tr,"Linksys RV042 router",97
78.168.56.70,78.168.56.70.dynamic.ttnet.com.tr,"Linksys RV042 router",97
78.168.57.234,78.168.57.234.dynamic.ttnet.com.tr,"Linksys RV042 router",97
78.168.58.163,78.168.58.163.dynamic.ttnet.com.tr,"Linksys RV042 router",97
78.168.127.142,78.168.127.142.dynamic.ttnet.com.tr,"Linksys RV042 router",97
78.168.156.193,78.168.156.193.dynamic.ttnet.com.tr,"Linksys RV042 router",97
78.168.156.232,78.168.156.232.dynamic.ttnet.com.tr,"Linksys RV042 router",97
78.168.157.24,78.168.157.24.dynamic.ttnet.com.tr,"Linksys RV042 router",96
78.168.244.61,78.168.244.61.dynamic.ttnet.com.tr,"Linksys RV042 router",97
78.169.25.85,78.169.25.85.dynamic.ttnet.com.tr,"Linksys RV042 router",97
78.169.59.225,78.169.59.225.dynamic.ttnet.com.tr,"Linksys RV042 router",97
78.169.60.205,78.169.60.205.dynamic.ttnet.com.tr,"Linksys RV042 router",97
78.169.170.167,78.169.170.167.dynamic.ttnet.com.tr,"Linksys RV042 router",97
78.169.198.143,78.169.198.143.dynamic.ttnet.com.tr,"Linksys RV042 router",97
78.169.206.110,78.169.206.110.dynamic.ttnet.com.tr,"OpenWrt (Linux 2.4.32)",94
78.169.207.21,78.169.207.21.dynamic.ttnet.com.tr,"Linksys RV042 router",97
78.170.1.168,78.170.1.168.dynamic.ttnet.com.tr,"Linksys RV042 router",97
78.170.27.52,78.170.27.52.dynamic.ttnet.com.tr,"Linksys RV042 router",97
78.170.96.189,78.170.96.189.dynamic.ttnet.com.tr,"Linksys RV042 router",97
78.170.97.182,78.170.97.182.dynamic.ttnet.com.tr,"Linksys RV042 router",97
78.170.98.160,78.170.98.160.dynamic.ttnet.com.tr,"Linksys RV042 router",97
78.170.175.107,78.170.175.107.dynamic.ttnet.com.tr,"Linksys RV042 router",97
78.171.12.166,78.171.12.166.dynamic.ttnet.com.tr,"D-Link DWL-624+ or DWL-2000AP, or TRENDnet TEW-432BRP WAP",88
78.171.18.15,78.171.18.15.dynamic.ttnet.com.tr,"Linksys RV042 router",97
78.171.29.82,78.171.29.82.dynamic.ttnet.com.tr,"Linksys RV042 router",97
78.171.52.61,78.171.52.61.dynamic.ttnet.com.tr,"Linksys RV042 router",97
78.171.55.151,78.171.55.151.dynamic.ttnet.com.tr,"Wireless broadband router (3Com OfficeConnect 3CRWDR100A-72, Philips SNB6500, Sinus 154, SMC SMCWEBT-G, or SMC SMCWBR14-G2)",99
78.171.65.70,78.171.65.70.dynamic.ttnet.com.tr,"Linksys RV042 router",97
78.171.74.155,78.171.74.155.static.ttnet.com.tr,"Linksys RV042 router",97
78.171.83.64,78.171.83.64.dynamic.ttnet.com.tr,"Linksys RV042 router",96
78.171.93.69,78.171.93.69.dynamic.ttnet.com.tr,"Linksys RV042 router",97
78.171.106.133,78.171.106.133.dynamic.ttnet.com.tr,"Linksys RV042 router",97
78.171.121.150,78.171.121.150.dynamic.ttnet.com.tr,"Linksys RV042 router",97
78.171.137.89,78.171.137.89.dynamic.ttnet.com.tr,"ADSL router: Huawei MT800u-T; or ZyXEL Prestige 623ME-T1, 643, 662HW-61, 782, or 2602R-61",98
78.171.141.27,78.171.141.27.dynamic.ttnet.com.tr,"Linksys RV042 router",97
78.171.168.109,78.171.168.109.dynamic.ttnet.com.tr,"MikroTik RouterOS 3.30",96
78.171.178.197,78.171.178.197.dynamic.ttnet.com.tr,"Linksys RV042 router",97
78.171.179.21,78.171.179.21.dynamic.ttnet.com.tr,"Linksys RV042 router",97
78.171.180.183,78.171.180.183.dynamic.ttnet.com.tr,"Linksys RV042 router",97
78.171.203.94,78.171.203.94.dynamic.ttnet.com.tr,"Linksys RV042 router",97
78.172.3.29,78.172.3.29.dynamic.ttnet.com.tr,"Linksys RV042 router",96
78.172.55.121,78.172.55.121.dynamic.ttnet.com.tr,"Linksys RV042 router",97
78.172.58.15,78.172.58.15.dynamic.ttnet.com.tr,"Linksys RV042 router",97
78.172.60.168,78.172.60.168.dynamic.ttnet.com.tr,"Linksys RV042 router",96
78.172.68.130,78.172.68.130.dynamic.ttnet.com.tr,"Linksys RV042 router",97
78.172.109.170,78.172.109.170.dynamic.ttnet.com.tr,"Linksys RV042 router",97
78.172.116.196,78.172.116.196.dynamic.ttnet.com.tr,"Linksys RV042 router",97
78.172.117.230,78.172.117.230.dynamic.ttnet.com.tr,"Linksys RV042 router",97
78.172.118.144,78.172.118.144.dynamic.ttnet.com.tr,"Linksys RV042 router",97
78.172.178.139,78.172.178.139.dynamic.ttnet.com.tr,"Linksys RV042 router",97
78.172.179.252,78.172.179.252.dynamic.ttnet.com.tr,"Linksys RV042 router",97
78.172.181.225,78.172.181.225.dynamic.ttnet.com.tr,"Linksys RV042 router",97
78.172.184.93,78.172.184.93.dynamic.ttnet.com.tr,"Linksys RV042 router",97
78.172.200.19,78.172.200.19.dynamic.ttnet.com.tr,"Linux 2.6.14 - 2.6.30",97
78.172.203.138,78.172.203.138.dynamic.ttnet.com.tr,"Linksys RV042 router",96
78.172.203.236,78.172.203.236.dynamic.ttnet.com.tr,"Linksys RV042 router",97
78.172.205.140,78.172.205.140.dynamic.ttnet.com.tr,"Linksys RV042 router",97
78.172.227.193,78.172.227.193.dynamic.ttnet.com.tr,"Linksys RV042 router",97
78.172.231.126,78.172.231.126.dynamic.ttnet.com.tr,"Linksys RV042 router",96
78.172.236.153,78.172.236.153.dynamic.ttnet.com.tr,"Linksys RV042 router",97
78.172.238.34,78.172.238.34.dynamic.ttnet.com.tr,"Linksys RV042 router",97
78.173.5.123,78.173.5.123.dynamic.ttnet.com.tr,"Linksys RV042 router",97
78.173.15.172,78.173.15.172.dynamic.ttnet.com.tr,"Linksys RV042 router",97
78.173.48.0,78.173.48.0.dynamic.ttnet.com.tr,"Linksys RV042 router",97
78.173.64.72,78.173.64.72.dynamic.ttnet.com.tr,"SMC SMC7908A-ISP router",99
78.173.69.149,78.173.69.149.dynamic.ttnet.com.tr,"3Com NBX 100 VoIP adapter (VxWorks)",96
78.173.92.190,78.173.92.190.dynamic.ttnet.com.tr,"ZyXEL Prestige 660R ADSL router",96
78.173.94.99,78.173.94.99.dynamic.ttnet.com.tr,"Linksys RV042 router",97
78.173.104.107,78.173.104.107.dynamic.ttnet.com.tr,"Linksys WRV54G WAP",97
78.173.138.170,78.173.138.170.dynamic.ttnet.com.tr,"Linksys RV042 router",97
78.173.140.237,78.173.140.237.dynamic.ttnet.com.tr,"Linksys RV042 router",97
78.173.141.253,78.173.141.253.dynamic.ttnet.com.tr,"Linksys RV042 router",97
78.173.145.228,78.173.145.228.dynamic.ttnet.com.tr,"Linksys RV042 router",97
78.173.150.127,78.173.150.127.dynamic.ttnet.com.tr,"Linksys RV042 router",97
78.173.159.157,78.173.159.157.dynamic.ttnet.com.tr,"Linksys RV042 router",97
78.173.163.254,78.173.163.254.dynamic.ttnet.com.tr,"Linksys RV042 router",97
78.173.181.216,78.173.181.216.dynamic.ttnet.com.tr,"Linksys RV042 router",97
78.173.205.113,78.173.205.113.dynamic.ttnet.com.tr,"Linksys RV042 router",97
78.173.206.49,78.173.206.49.dynamic.ttnet.com.tr,"Linksys RV042 router",97
78.173.206.144,78.173.206.144.dynamic.ttnet.com.tr,"Meru MC1000 wireless LAN controller",91
78.173.206.194,78.173.206.194.dynamic.ttnet.com.tr,"Linksys RV042 router",97
78.173.215.108,78.173.215.108.dynamic.ttnet.com.tr,"Linksys RV042 router",97
78.173.235.170,78.173.235.170.dynamic.ttnet.com.tr,"ADSL router: Huawei MT800u-T; or ZyXEL Prestige 623ME-T1, 643, 662HW-61, 782, or 2602R-61",97
78.173.241.152,78.173.241.152.dynamic.ttnet.com.tr,"Linksys WRV54G WAP",96
78.173.245.173,78.173.245.173.dynamic.ttnet.com.tr,"Linksys RV042 router",97
78.173.254.220,78.173.254.220.dynamic.ttnet.com.tr,"Linksys RV042 router",97
78.174.23.61,78.174.23.61.dynamic.ttnet.com.tr,"Linksys RV042 router",97
78.174.25.203,78.174.25.203.dynamic.ttnet.com.tr,"Linksys RV042 router",97
78.174.26.3,78.174.26.3.dynamic.ttnet.com.tr,"Linksys RV042 router",97
78.174.26.94,78.174.26.94.dynamic.ttnet.com.tr,"Linksys RV042 router",96
78.174.26.124,78.174.26.124.dynamic.ttnet.com.tr,"Linksys RV042 router",97
78.174.27.86,78.174.27.86.dynamic.ttnet.com.tr,"Linksys RV042 router",97
78.174.27.88,78.174.27.88.dynamic.ttnet.com.tr,"OpenWrt (Linux 2.4.32)",94
78.174.28.215,78.174.28.215.dynamic.ttnet.com.tr,"Linksys RV042 router",97
78.174.28.216,78.174.28.216.dynamic.ttnet.com.tr,"Linux 2.6.14 - 2.6.30",97
78.174.29.141,78.174.29.141.dynamic.ttnet.com.tr,"Linksys WRV54G WAP",97
78.174.30.54,78.174.30.54.dynamic.ttnet.com.tr,"Linksys RV042 router",97
78.174.30.121,78.174.30.121.dynamic.ttnet.com.tr,"Linksys RV042 router",97
78.174.31.57,78.174.31.57.dynamic.ttnet.com.tr,"Linksys RV042 router",97
78.174.33.75,78.174.33.75.dynamic.ttnet.com.tr,"Linksys RV042 router",97
78.174.33.139,78.174.33.139.dynamic.ttnet.com.tr,"Linksys RV042 router",97
78.174.34.15,78.174.34.15.dynamic.ttnet.com.tr,"Linksys RV042 router",97
78.174.35.152,78.174.35.152.dynamic.ttnet.com.tr,"Linksys RV042 router",97
78.174.36.84,78.174.36.84.dynamic.ttnet.com.tr,"Linksys RV042 router",97
78.174.36.159,78.174.36.159.dynamic.ttnet.com.tr,"ZyXEL Prestige 660R ADSL router",97
78.174.36.228,78.174.36.228.dynamic.ttnet.com.tr,"Linksys RV042 router",97
78.174.37.130,78.174.37.130.dynamic.ttnet.com.tr,"Linksys RV042 router",97
78.174.38.216,78.174.38.216.dynamic.ttnet.com.tr,"Linksys RV042 router",97
78.174.40.79,78.174.40.79.dynamic.ttnet.com.tr,"Linksys WRV54G WAP",97
78.174.40.240,78.174.40.240.dynamic.ttnet.com.tr,"Linksys RV042 router",97
78.174.40.242,78.174.40.242.dynamic.ttnet.com.tr,"Linksys RV042 router",97
78.174.41.217,78.174.41.217.dynamic.ttnet.com.tr,"Linksys RV042 router",97
78.174.42.206,78.174.42.206.dynamic.ttnet.com.tr,"Linksys RV042 router",97
78.174.45.23,78.174.45.23.dynamic.ttnet.com.tr,"Linksys RV042 router",97
78.174.45.212,78.174.45.212.dynamic.ttnet.com.tr,"Linksys RV042 router",97
78.174.47.135,78.174.47.135.dynamic.ttnet.com.tr,"Linksys RV042 router",97
78.174.48.13,78.174.48.13.dynamic.ttnet.com.tr,"Linksys RV042 router",97
78.174.48.39,78.174.48.39.dynamic.ttnet.com.tr,"Linksys RV042 router",97
78.174.48.141,78.174.48.141.dynamic.ttnet.com.tr,"Linksys RV042 router",97
78.174.48.142,78.174.48.142.dynamic.ttnet.com.tr,"Linksys WRV54G WAP",97
78.174.48.149,78.174.48.149.dynamic.ttnet.com.tr,"Linksys RV042 router",97
78.174.50.140,78.174.50.140.dynamic.ttnet.com.tr,"Linksys RV042 router",97
78.174.51.12,78.174.51.12.dynamic.ttnet.com.tr,"Linksys RV042 router",97
78.174.52.146,78.174.52.146.dynamic.ttnet.com.tr,"Linksys RV042 router",97
78.174.52.216,78.174.52.216.dynamic.ttnet.com.tr,"Linksys RV042 router",96
78.174.54.207,78.174.54.207.dynamic.ttnet.com.tr,"Linksys RV042 router",97
78.174.55.53,78.174.55.53.dynamic.ttnet.com.tr,"Linksys RV042 router",97
78.174.56.248,78.174.56.248.dynamic.ttnet.com.tr,"ADSL router: Huawei MT800u-T; or ZyXEL Prestige 623ME-T1, 643, 662HW-61, 782, or 2602R-61",96
78.174.57.58,78.174.57.58.dynamic.ttnet.com.tr,"Linksys RV042 router",96
78.174.57.250,78.174.57.250.dynamic.ttnet.com.tr,"Linksys RV042 router",97
78.174.59.51,78.174.59.51.dynamic.ttnet.com.tr,"Linksys RV042 router",97
78.174.59.114,78.174.59.114.dynamic.ttnet.com.tr,"Linksys RV042 router",97
78.174.59.139,78.174.59.139.dynamic.ttnet.com.tr,"Linksys WRV54G WAP",97
78.174.60.161,78.174.60.161.dynamic.ttnet.com.tr,"ZyXEL Prestige 660R ADSL router",99
78.174.61.227,78.174.61.227.dynamic.ttnet.com.tr,"Linksys RV042 router",97
78.174.63.74,78.174.63.74.dynamic.ttnet.com.tr,"Linksys RV042 router",97
78.174.63.212,78.174.63.212.dynamic.ttnet.com.tr,"Linksys RV042 router",97
78.174.65.129,78.174.65.129.dynamic.ttnet.com.tr,"Linksys RV042 router",97
78.174.65.132,78.174.65.132.dynamic.ttnet.com.tr,"Redback Networks SmartEdge 600 router (SmartEdge OS)",91
78.174.65.172,78.174.65.172.dynamic.ttnet.com.tr,"Linksys RV042 router",97
78.174.68.144,78.174.68.144.dynamic.ttnet.com.tr,"Linksys RV042 router",97
78.174.69.138,78.174.69.138.dynamic.ttnet.com.tr,"Linksys RV042 router",97
78.174.73.31,78.174.73.31.dynamic.ttnet.com.tr,"Linksys RV042 router",97
78.174.75.54,78.174.75.54.dynamic.ttnet.com.tr,"Linksys RV042 router",97
78.174.75.77,78.174.75.77.dynamic.ttnet.com.tr,"Linksys RV042 router",97
78.174.75.105,78.174.75.105.dynamic.ttnet.com.tr,"ADSL router: Huawei MT800u-T; or ZyXEL Prestige 623ME-T1, 643, 662HW-61, 782, or 2602R-61",96
78.174.75.140,78.174.75.140.dynamic.ttnet.com.tr,"Linksys RV042 router",97
78.174.78.182,78.174.78.182.dynamic.ttnet.com.tr,"Linksys RV042 router",96
78.174.80.67,78.174.80.67.dynamic.ttnet.com.tr,"Linksys RV042 router",97
78.174.81.73,78.174.81.73.dynamic.ttnet.com.tr,"Linksys RV042 router",97
78.174.81.159,78.174.81.159.dynamic.ttnet.com.tr,"ZyXEL Prestige 660R ADSL router",96
78.174.81.204,78.174.81.204.dynamic.ttnet.com.tr,"Linksys RV042 router",97
78.174.84.197,78.174.84.197.dynamic.ttnet.com.tr,"Linksys RV042 router",97
78.174.84.205,78.174.84.205.dynamic.ttnet.com.tr,"Linksys RV042 router",97
78.174.85.115,78.174.85.115.dynamic.ttnet.com.tr,"3Com NBX 100 VoIP adapter (VxWorks)",96
78.174.86.75,78.174.86.75.dynamic.ttnet.com.tr,"Linksys RV042 router",97
78.174.86.139,78.174.86.139.dynamic.ttnet.com.tr,"Linksys RV042 router",97
78.174.88.75,78.174.88.75.dynamic.ttnet.com.tr,"Linksys RV042 router",97
78.174.93.45,78.174.93.45.dynamic.ttnet.com.tr,"Linksys RV042 router",96
78.174.93.206,78.174.93.206.dynamic.ttnet.com.tr,"Linksys RV042 router",97
78.174.93.238,78.174.93.238.dynamic.ttnet.com.tr,"Linksys RV042 router",97
78.174.97.150,78.174.97.150.dynamic.ttnet.com.tr,"ZyXEL Prestige 660R ADSL router",98
78.174.98.183,78.174.98.183.dynamic.ttnet.com.tr,"Linksys RV042 router",97
78.174.99.35,78.174.99.35.dynamic.ttnet.com.tr,"D-Link DSL-500G ADSL router",95
78.174.102.118,78.174.102.118.dynamic.ttnet.com.tr,"Linksys RV042 router",97
78.174.102.165,78.174.102.165.dynamic.ttnet.com.tr,"Linksys RV042 router",88
78.174.104.189,78.174.104.189.dynamic.ttnet.com.tr,"Linksys RV042 router",97
78.174.106.2,78.174.106.2.dynamic.ttnet.com.tr,"Linksys RV042 router",97
78.174.109.202,78.174.109.202.dynamic.ttnet.com.tr,"Linksys RV042 router",97
78.174.112.200,78.174.112.200.dynamic.ttnet.com.tr,"Linux 2.6.14 - 2.6.30",97
78.174.116.176,78.174.116.176.dynamic.ttnet.com.tr,"Linksys RV042 router",97
78.174.117.200,78.174.117.200.dynamic.ttnet.com.tr,"Linksys RV042 router",97
78.174.123.208,78.174.123.208.dynamic.ttnet.com.tr,"Linksys RV042 router",97
78.174.123.222,78.174.123.222.dynamic.ttnet.com.tr,"Linksys RV042 router",97
78.174.124.133,78.174.124.133.dynamic.ttnet.com.tr,"Linksys RV042 router",97
78.174.126.31,78.174.126.31.dynamic.ttnet.com.tr,"ZyXEL Prestige 660R ADSL router",96
78.174.127.53,78.174.127.53.dynamic.ttnet.com.tr,"Linksys RV042 router",97
78.174.127.128,78.174.127.128.dynamic.ttnet.com.tr,"Linksys RV042 router",97
78.174.131.78,78.174.131.78.dynamic.ttnet.com.tr,"Linksys RV042 router",97
78.174.135.230,78.174.135.230.dynamic.ttnet.com.tr,"Linksys RV042 router",97
78.174.136.151,78.174.136.151.dynamic.ttnet.com.tr,"ZyXEL Prestige 660R ADSL router",98
78.174.137.89,78.174.137.89.dynamic.ttnet.com.tr,"ZyXEL Prestige 660R ADSL router",97
78.174.143.37,78.174.143.37.dynamic.ttnet.com.tr,"Linksys RV042 router",97
78.174.144.20,78.174.144.20.dynamic.ttnet.com.tr,"Linksys RV042 router",97
78.174.144.94,78.174.144.94.dynamic.ttnet.com.tr,"Linksys RV042 router",97
78.174.145.185,78.174.145.185.dynamic.ttnet.com.tr,"Linksys RV042 router",96
78.174.149.27,78.174.149.27.dynamic.ttnet.com.tr,"Linksys RV042 router",97
78.174.153.93,78.174.153.93.dynamic.ttnet.com.tr,"Linksys RV042 router",97
78.174.153.231,78.174.153.231.dynamic.ttnet.com.tr,"Linksys RV042 router",97
78.174.155.184,78.174.155.184.dynamic.ttnet.com.tr,"Linksys RV042 router",97
78.174.155.220,78.174.155.220.dynamic.ttnet.com.tr,"Linksys RV042 router",97
78.174.159.210,78.174.159.210.dynamic.ttnet.com.tr,"Linksys RV042 router",97
78.174.194.107,78.174.194.107.dynamic.ttnet.com.tr,"Linksys RV042 router",97
78.174.195.25,78.174.195.25.dynamic.ttnet.com.tr,"Linksys RV042 router",97
78.174.196.4,78.174.196.4.dynamic.ttnet.com.tr,"Linksys RV042 router",97
78.174.196.24,78.174.196.24.dynamic.ttnet.com.tr,"Linksys RV042 router",97
78.174.196.182,78.174.196.182.dynamic.ttnet.com.tr,"Linksys RV042 router",97
78.174.196.235,78.174.196.235.dynamic.ttnet.com.tr,"Linksys RV042 router",97
78.174.197.236,78.174.197.236.dynamic.ttnet.com.tr,"Linksys RV042 router",97
78.174.200.64,78.174.200.64.dynamic.ttnet.com.tr,"Linksys RV042 router",97
78.174.201.109,78.174.201.109.dynamic.ttnet.com.tr,"Linksys RV042 router",97
78.174.202.196,78.174.202.196.dynamic.ttnet.com.tr,"Linksys RV042 router",97
78.174.204.229,78.174.204.229.dynamic.ttnet.com.tr,"Linksys RV042 router",97
78.174.204.233,78.174.204.233.dynamic.ttnet.com.tr,"Linksys RV042 router",96
78.174.206.123,78.174.206.123.dynamic.ttnet.com.tr,"Linksys RV042 router",97
78.174.206.206,78.174.206.206.dynamic.ttnet.com.tr,"Linksys RV042 router",97
78.174.207.163,78.174.207.163.dynamic.ttnet.com.tr,"Linksys RV042 router",97
78.174.209.15,78.174.209.15.dynamic.ttnet.com.tr,"Linksys RV042 router",97
78.174.210.147,78.174.210.147.dynamic.ttnet.com.tr,"Linksys RV042 router",97
78.174.214.115,78.174.214.115.dynamic.ttnet.com.tr,"Linksys RV042 router",97
78.174.215.240,78.174.215.240.dynamic.ttnet.com.tr,"Linksys RV042 router",97
78.174.216.67,78.174.216.67.dynamic.ttnet.com.tr,"Linksys RV042 router",97
78.174.216.118,78.174.216.118.dynamic.ttnet.com.tr,"Linksys RV042 router",97
78.174.217.40,78.174.217.40.dynamic.ttnet.com.tr,"Linksys RV042 router",97
78.174.217.58,78.174.217.58.dynamic.ttnet.com.tr,"Linksys RV042 router",97
78.174.218.86,78.174.218.86.dynamic.ttnet.com.tr,"Linksys RV042 router",97
78.174.220.58,78.174.220.58.dynamic.ttnet.com.tr,"Linksys RV042 router",97
78.174.220.163,78.174.220.163.dynamic.ttnet.com.tr,"Linksys RV042 router",97
78.174.221.128,78.174.221.128.dynamic.ttnet.com.tr,"Linksys RV042 router",97
78.174.222.202,78.174.222.202.dynamic.ttnet.com.tr,"Linksys RV042 router",97
78.174.226.69,78.174.226.69.dynamic.ttnet.com.tr,"Linksys RV042 router",97
78.174.227.0,78.174.227.0.dynamic.ttnet.com.tr,"Linux 2.6.14 - 2.6.30",98
78.174.227.106,78.174.227.106.dynamic.ttnet.com.tr,"Linksys RV042 router",97
78.174.227.205,78.174.227.205.dynamic.ttnet.com.tr,"Linksys RV042 router",97
78.174.228.149,78.174.228.149.dynamic.ttnet.com.tr,"Linksys RV042 router",97
78.174.229.99,78.174.229.99.dynamic.ttnet.com.tr,"OpenWrt (Linux 2.4.32)",94
78.174.229.130,78.174.229.130.dynamic.ttnet.com.tr,"Linux 2.6.15 - 2.6.27",99
78.174.229.152,78.174.229.152.dynamic.ttnet.com.tr,"Linksys RV042 router",97
78.174.229.224,78.174.229.224.dynamic.ttnet.com.tr,"Linksys RV042 router",97
78.174.231.98,78.174.231.98.dynamic.ttnet.com.tr,"Linksys RV042 router",97
78.174.232.74,78.174.232.74.dynamic.ttnet.com.tr,"Linksys RV042 router",97
78.174.232.187,78.174.232.187.dynamic.ttnet.com.tr,"Linksys RV042 router",97
78.174.234.36,78.174.234.36.dynamic.ttnet.com.tr,"Linksys RV042 router",97
78.174.234.92,78.174.234.92.dynamic.ttnet.com.tr,"Linksys RV042 router",97
78.174.239.71,78.174.239.71.dynamic.ttnet.com.tr,"Linksys RV042 router",97
78.174.240.230,78.174.240.230.dynamic.ttnet.com.tr,"Linux 2.6.14 - 2.6.30",97
78.174.241.185,78.174.241.185.dynamic.ttnet.com.tr,"Linksys RV042 router",97
78.174.245.237,78.174.245.237.dynamic.ttnet.com.tr,"Linksys RV042 router",97
78.174.246.141,78.174.246.141.dynamic.ttnet.com.tr,"Linksys RV042 router",97
78.174.246.209,78.174.246.209.dynamic.ttnet.com.tr,"Linksys RV042 router",97
78.174.248.36,78.174.248.36.dynamic.ttnet.com.tr,"Linksys RV042 router",97
78.174.248.233,78.174.248.233.dynamic.ttnet.com.tr,"Linksys RV042 router",97
78.174.250.210,78.174.250.210.dynamic.ttnet.com.tr,"Linksys RV042 router",97
78.174.251.20,78.174.251.20.dynamic.ttnet.com.tr,"Linksys RV042 router",96
78.174.251.114,78.174.251.114.dynamic.ttnet.com.tr,"Linksys RV042 router",97
78.174.251.251,78.174.251.251.dynamic.ttnet.com.tr,"Linksys RV042 router",97
78.174.252.44,78.174.252.44.dynamic.ttnet.com.tr,"Linksys RV042 router",97
78.174.252.68,78.174.252.68.dynamic.ttnet.com.tr,"Linksys RV042 router",97
78.174.255.197,78.174.255.197.dynamic.ttnet.com.tr,"Linksys RV042 router",97
78.175.0.11,78.175.0.11.dynamic.ttnet.com.tr,"Linksys RV042 router",97
78.175.1.240,78.175.1.240.dynamic.ttnet.com.tr,"ZyXEL Prestige 600-series ADSL router",97
78.175.2.166,78.175.2.166.dynamic.ttnet.com.tr,"Linksys RV042 router",97
78.175.3.199,78.175.3.199.dynamic.ttnet.com.tr,"Linksys RV042 router",97
78.175.5.208,78.175.5.208.dynamic.ttnet.com.tr,"Linksys RV042 router",97
78.175.6.150,78.175.6.150.dynamic.ttnet.com.tr,"Belkin F6D4630-4 v1 WAP",99
78.175.7.165,78.175.7.165.dynamic.ttnet.com.tr,"Linksys RV042 router",97
78.175.8.95,78.175.8.95.dynamic.ttnet.com.tr,"Linux 2.4.33 (embedded)",99
78.175.9.163,78.175.9.163.dynamic.ttnet.com.tr,"Linksys RV042 router",97
78.175.10.18,78.175.10.18.dynamic.ttnet.com.tr,"Linksys RV042 router",97
78.175.13.34,78.175.13.34.dynamic.ttnet.com.tr,"Linksys RV042 router",96
78.175.14.109,78.175.14.109.dynamic.ttnet.com.tr,"Linksys RV042 router",97
78.175.15.208,78.175.15.208.dynamic.ttnet.com.tr,"Linksys RV042 router",97
78.175.16.77,78.175.16.77.dynamic.ttnet.com.tr,"Linksys RV042 router",97
78.175.17.136,78.175.17.136.dynamic.ttnet.com.tr,"Linksys RV042 router",97
78.175.17.186,78.175.17.186.dynamic.ttnet.com.tr,"Linksys RV042 router",97
78.175.18.43,78.175.18.43.dynamic.ttnet.com.tr,"Linksys RV042 router",97
78.175.18.200,78.175.18.200.dynamic.ttnet.com.tr,"Linksys RV042 router",97
78.175.20.118,78.175.20.118.dynamic.ttnet.com.tr,"Linksys RV042 router",97
78.175.21.217,78.175.21.217.dynamic.ttnet.com.tr,"Linksys RV042 router",97
78.175.22.200,78.175.22.200.dynamic.ttnet.com.tr,"Linksys RV042 router",93
78.175.23.21,78.175.23.21.dynamic.ttnet.com.tr,"Linksys RV042 router",97
78.175.24.210,78.175.24.210.dynamic.ttnet.com.tr,"Linksys RV042 router",97
78.175.25.67,78.175.25.67.dynamic.ttnet.com.tr,"Linksys RV042 router",97
78.175.27.141,78.175.27.141.dynamic.ttnet.com.tr,"Linksys RV042 router",97
78.175.28.61,78.175.28.61.dynamic.ttnet.com.tr,"Linksys RV042 router",97
78.175.35.49,78.175.35.49.dynamic.ttnet.com.tr,"Linksys RV042 router",97
78.175.37.168,78.175.37.168.dynamic.ttnet.com.tr,"Linksys RV042 router",97
78.175.38.205,78.175.38.205.dynamic.ttnet.com.tr,"Linksys RV042 router",97
78.175.39.0,78.175.39.0.dynamic.ttnet.com.tr,"Linksys RV042 router",97
78.175.40.155,78.175.40.155.dynamic.ttnet.com.tr,"Linksys RV042 router",97
78.175.40.226,78.175.40.226.dynamic.ttnet.com.tr,"Linksys RV042 router",97
78.175.41.124,78.175.41.124.dynamic.ttnet.com.tr,"Linksys RV042 router",97
78.175.41.164,78.175.41.164.dynamic.ttnet.com.tr,"Linksys RV042 router",97
78.175.41.176,78.175.41.176.dynamic.ttnet.com.tr,"Linksys WRV54G WAP",97
78.175.41.192,78.175.41.192.dynamic.ttnet.com.tr,"Linksys RV042 router",96
78.175.41.224,78.175.41.224.dynamic.ttnet.com.tr,"Linksys RV042 router",97
78.175.44.121,78.175.44.121.dynamic.ttnet.com.tr,"Linksys RV042 router",97
78.175.44.180,78.175.44.180.dynamic.ttnet.com.tr,"Linksys RV042 router",97
78.175.45.115,78.175.45.115.dynamic.ttnet.com.tr,"Linksys RV042 router",97
78.175.45.165,78.175.45.165.dynamic.ttnet.com.tr,"Linksys RV042 router",97
78.175.47.114,78.175.47.114.dynamic.ttnet.com.tr,"Linksys RV042 router",97
78.175.47.216,78.175.47.216.dynamic.ttnet.com.tr,"Linksys RV042 router",97
78.175.48.231,78.175.48.231.dynamic.ttnet.com.tr,"Linksys RV042 router",96
78.175.49.23,78.175.49.23.dynamic.ttnet.com.tr,"Linksys RV042 router",97
78.175.50.159,78.175.50.159.dynamic.ttnet.com.tr,"Linksys RV042 router",97
78.175.51.96,78.175.51.96.dynamic.ttnet.com.tr,"Linksys WRV54G WAP",96
78.175.52.94,78.175.52.94.dynamic.ttnet.com.tr,"Linksys RV042 router",97
78.175.54.19,78.175.54.19.dynamic.ttnet.com.tr,"Linksys RV042 router",97
78.175.54.96,78.175.54.96.dynamic.ttnet.com.tr,"Linksys RV042 router",97
78.175.57.51,78.175.57.51.dynamic.ttnet.com.tr,"Linksys RV042 router",97
78.175.57.87,78.175.57.87.dynamic.ttnet.com.tr,"Avaya G700 Telephony Media Gateway or Sun Advanced Lights Out Maganer 1.5.2 (VxWorks)",97
78.175.57.210,78.175.57.210.dynamic.ttnet.com.tr,"Linksys RV042 router",97
78.175.59.60,78.175.59.60.dynamic.ttnet.com.tr,"ZyXEL Prestige 660R ADSL router",97
78.175.60.51,78.175.60.51.dynamic.ttnet.com.tr,"Linksys RV042 router",97
78.175.61.133,78.175.61.133.dynamic.ttnet.com.tr,"Linksys RV042 router",97
78.175.62.73,78.175.62.73.dynamic.ttnet.com.tr,"Acorp W400G or W422G wireless ADSL modem (MontaVista embedded Linux 2.4.17)",91
78.175.96.169,78.175.96.169.dynamic.ttnet.com.tr,"Linksys RV042 router",97
78.175.98.65,78.175.98.65.dynamic.ttnet.com.tr,"Linksys RV042 router",97
78.175.99.55,78.175.99.55.dynamic.ttnet.com.tr,"Linksys RV042 router",97
78.175.100.65,78.175.100.65.dynamic.ttnet.com.tr,"Linksys RV042 router",97
78.175.100.140,78.175.100.140.dynamic.ttnet.com.tr,"Linksys RV042 router",97
78.175.101.118,78.175.101.118.dynamic.ttnet.com.tr,"Linksys RV042 router",97
78.175.102.83,78.175.102.83.dynamic.ttnet.com.tr,"Linksys RV042 router",97
78.175.102.154,78.175.102.154.dynamic.ttnet.com.tr,"Linksys RV042 router",97
78.175.102.234,78.175.102.234.dynamic.ttnet.com.tr,"Linksys RV042 router",97
78.175.103.17,78.175.103.17.dynamic.ttnet.com.tr,"Linksys RV042 router",97
78.175.103.103,78.175.103.103.dynamic.ttnet.com.tr,"Linksys RV042 router",97
78.175.104.7,78.175.104.7.dynamic.ttnet.com.tr,"Linksys WRV54G WAP",96
78.175.104.251,78.175.104.251.dynamic.ttnet.com.tr,"Linksys RV042 router",97
78.175.105.36,78.175.105.36.dynamic.ttnet.com.tr,"Linksys RV042 router",97
78.175.108.162,78.175.108.162.dynamic.ttnet.com.tr,"Linux 2.6.14 - 2.6.30",97
78.175.109.68,78.175.109.68.dynamic.ttnet.com.tr,"Linksys RV042 router",97
78.175.109.240,78.175.109.240.dynamic.ttnet.com.tr,"Linksys RV042 router",97
78.175.110.7,78.175.110.7.dynamic.ttnet.com.tr,"Linksys RV042 router",97
78.175.110.40,78.175.110.40.dynamic.ttnet.com.tr,"Linksys RV042 router",97
78.175.111.250,78.175.111.250.dynamic.ttnet.com.tr,"Linksys RV042 router",97
78.175.114.96,78.175.114.96.dynamic.ttnet.com.tr,"Linksys WRV54G WAP",97
78.175.114.105,78.175.114.105.dynamic.ttnet.com.tr,"Linksys RV042 router",97
78.175.116.103,78.175.116.103.dynamic.ttnet.com.tr,"Linksys RV042 router",97
78.175.117.74,78.175.117.74.dynamic.ttnet.com.tr,"Linksys RV042 router",97
78.175.117.203,78.175.117.203.dynamic.ttnet.com.tr,"Linksys RV042 router",97
78.175.118.55,78.175.118.55.dynamic.ttnet.com.tr,"Linksys RV042 router",97
78.175.123.15,78.175.123.15.dynamic.ttnet.com.tr,"Linksys RV042 router",96
78.175.123.193,78.175.123.193.dynamic.ttnet.com.tr,"Linksys RV042 router",97
78.175.124.201,78.175.124.201.dynamic.ttnet.com.tr,"Linux 2.6.14 - 2.6.30",97
78.175.160.98,78.175.160.98.dynamic.ttnet.com.tr,"Linksys RV042 router",97
78.175.160.109,78.175.160.109.dynamic.ttnet.com.tr,"Linksys RV042 router",96
78.175.161.123,78.175.161.123.dynamic.ttnet.com.tr,"Linksys RV042 router",97
78.175.167.5,78.175.167.5.dynamic.ttnet.com.tr,"Linksys RV042 router",97
78.175.168.224,78.175.168.224.dynamic.ttnet.com.tr,"Linksys RV042 router",97
78.175.170.125,78.175.170.125.dynamic.ttnet.com.tr,"ZyXEL Prestige 660R ADSL router",96
78.175.173.29,78.175.173.29.dynamic.ttnet.com.tr,"Linksys RV042 router",97
78.175.174.249,78.175.174.249.dynamic.ttnet.com.tr,"Linksys RV042 router",97
78.175.175.15,78.175.175.15.dynamic.ttnet.com.tr,"Linksys RV042 router",97
78.175.179.117,78.175.179.117.dynamic.ttnet.com.tr,"Linksys RV042 router",97
78.175.180.29,78.175.180.29.dynamic.ttnet.com.tr,"Linksys RV042 router",97
78.175.189.250,78.175.189.250.dynamic.ttnet.com.tr,"Linksys RV042 router",97
78.175.191.242,78.175.191.242.dynamic.ttnet.com.tr,"Linksys RV042 router",97
78.175.193.169,78.175.193.169.dynamic.ttnet.com.tr,"Linksys RV042 router",97
78.175.196.32,78.175.196.32.dynamic.ttnet.com.tr,"Linksys RV042 router",97
78.175.196.84,78.175.196.84.dynamic.ttnet.com.tr,"Linksys RV042 router",97
78.175.196.229,78.175.196.229.dynamic.ttnet.com.tr,"Linksys RV042 router",97
78.175.197.104,78.175.197.104.dynamic.ttnet.com.tr,"Linksys RV042 router",97
78.175.198.116,78.175.198.116.dynamic.ttnet.com.tr,"Linksys RV042 router",97
78.175.201.13,78.175.201.13.dynamic.ttnet.com.tr,"Linksys RV042 router",97
78.175.202.72,78.175.202.72.dynamic.ttnet.com.tr,"Linksys RV042 router",97
78.175.206.8,78.175.206.8.dynamic.ttnet.com.tr,"Linksys RV042 router",97
78.175.210.33,78.175.210.33.dynamic.ttnet.com.tr,"Linksys RV042 router",97
78.175.211.129,78.175.211.129.dynamic.ttnet.com.tr,"Linksys RV042 router",97
78.175.211.172,78.175.211.172.dynamic.ttnet.com.tr,"Linux 2.6.14 - 2.6.30",98
78.175.214.37,78.175.214.37.dynamic.ttnet.com.tr,"Linksys RV042 router",96
78.175.214.165,78.175.214.165.dynamic.ttnet.com.tr,"Linksys RV042 router",97
78.175.215.20,78.175.215.20.dynamic.ttnet.com.tr,"Linksys RV042 router",97
78.175.219.49,78.175.219.49.dynamic.ttnet.com.tr,"Linksys RV042 router",97
78.175.219.198,78.175.219.198.dynamic.ttnet.com.tr,"Linksys RV042 router",97
78.175.220.6,78.175.220.6.dynamic.ttnet.com.tr,"Avaya G700 Telephony Media Gateway or Sun Advanced Lights Out Maganer 1.5.2 (VxWorks)",97
78.175.220.64,78.175.220.64.dynamic.ttnet.com.tr,"Linksys RV042 router",97
78.175.221.25,78.175.221.25.dynamic.ttnet.com.tr,"Linksys RV042 router",97
78.175.224.63,78.175.224.63.dynamic.ttnet.com.tr,"Linksys RV042 router",97
78.175.224.125,78.175.224.125.dynamic.ttnet.com.tr,"Linksys RV042 router",97
78.175.224.170,78.175.224.170.dynamic.ttnet.com.tr,"Linksys RV042 router",97
78.175.225.5,78.175.225.5.dynamic.ttnet.com.tr,"Linksys RV042 router",97
78.175.230.231,78.175.230.231.dynamic.ttnet.com.tr,"Linksys RV042 router",96
78.175.231.238,78.175.231.238.dynamic.ttnet.com.tr,"Linksys RV042 router",96
78.175.233.141,78.175.233.141.dynamic.ttnet.com.tr,"Linksys RV042 router",97
78.175.234.20,78.175.234.20.dynamic.ttnet.com.tr,"Linksys RV042 router",97
78.175.238.235,78.175.238.235.dynamic.ttnet.com.tr,"Linksys WRV54G WAP",96
78.175.241.64,78.175.241.64.dynamic.ttnet.com.tr,"Linksys RV042 router",97
78.175.243.243,78.175.243.243.dynamic.ttnet.com.tr,"Roku 2 XS media player (Linux 2.6.32)",97
78.175.245.87,78.175.245.87.dynamic.ttnet.com.tr,"Linksys RV042 router",97
78.175.245.253,78.175.245.253.dynamic.ttnet.com.tr,"Linksys RV042 router",97
78.175.247.27,78.175.247.27.dynamic.ttnet.com.tr,"Meru MC1000 wireless LAN controller",91
78.175.247.48,78.175.247.48.dynamic.ttnet.com.tr,"Linksys RV042 router",97
78.175.247.65,78.175.247.65.dynamic.ttnet.com.tr,"Linksys RV042 router",97
78.175.251.19,78.175.251.19.dynamic.ttnet.com.tr,"Linksys RV042 router",97
78.175.251.128,78.175.251.128.dynamic.ttnet.com.tr,"Linksys RV042 router",97
78.175.252.232,78.175.252.232.dynamic.ttnet.com.tr,"Linksys RV042 router",97
78.175.252.244,78.175.252.244.dynamic.ttnet.com.tr,"Linksys RV042 router",97
78.175.253.2,78.175.253.2.dynamic.ttnet.com.tr,"Linksys RV042 router",97
78.175.253.121,78.175.253.121.dynamic.ttnet.com.tr,"Linksys RV042 router",97
78.175.253.196,78.175.253.196.dynamic.ttnet.com.tr,"OpenWrt (Linux 2.4.32)",94
78.176.4.125,78.176.4.125.dynamic.ttnet.com.tr,"Linksys RV042 router",97
78.176.7.144,78.176.7.144.dynamic.ttnet.com.tr,"Linksys RV042 router",97
78.176.13.128,78.176.13.128.dynamic.ttnet.com.tr,"Linksys RV042 router",96
78.176.13.234,78.176.13.234.dynamic.ttnet.com.tr,"Linksys RV042 router",97
78.176.21.69,78.176.21.69.dynamic.ttnet.com.tr,"Linksys RV042 router",97
78.176.21.229,78.176.21.229.dynamic.ttnet.com.tr,"Linux 2.6.14 - 2.6.30",97
78.176.26.11,78.176.26.11.dynamic.ttnet.com.tr,"Linksys RV042 router",97
78.176.26.128,78.176.26.128.dynamic.ttnet.com.tr,"Linksys RV042 router",97
78.176.27.246,78.176.27.246.dynamic.ttnet.com.tr,"Linksys RV042 router",97
78.176.29.63,78.176.29.63.dynamic.ttnet.com.tr,"Linksys RV042 router",97
78.176.30.168,78.176.30.168.dynamic.ttnet.com.tr,"Linksys RV042 router",97
78.176.30.206,78.176.30.206.dynamic.ttnet.com.tr,"Linksys RV042 router",97
78.176.35.11,78.176.35.11.dynamic.ttnet.com.tr,"Linksys RV042 router",96
78.176.36.202,78.176.36.202.dynamic.ttnet.com.tr,"Linksys RV042 router",97
78.176.42.183,78.176.42.183.dynamic.ttnet.com.tr,"Linksys RV042 router",97
78.176.45.76,78.176.45.76.dynamic.ttnet.com.tr,"Linksys RV042 router",97
78.176.56.178,78.176.56.178.dynamic.ttnet.com.tr,"Linksys RV042 router",97
78.176.69.151,78.176.69.151.dynamic.ttnet.com.tr,"Linksys RV042 router",97
78.176.70.74,78.176.70.74.dynamic.ttnet.com.tr,"Linksys RV042 router",97
78.176.72.73,78.176.72.73.dynamic.ttnet.com.tr,"Linksys RV042 router",97
78.176.73.32,78.176.73.32.dynamic.ttnet.com.tr,"Linksys RV042 router",96
78.176.76.183,78.176.76.183.dynamic.ttnet.com.tr,"Linksys RV042 router",97
78.176.78.47,78.176.78.47.dynamic.ttnet.com.tr,"Linksys RV042 router",97
78.176.78.176,78.176.78.176.dynamic.ttnet.com.tr,"Linksys RV042 router",96
78.176.79.158,78.176.79.158.dynamic.ttnet.com.tr,"Linksys RV042 router",97
78.176.81.5,78.176.81.5.dynamic.ttnet.com.tr,"Linksys RV042 router",97
78.176.81.62,78.176.81.62.dynamic.ttnet.com.tr,"Linksys RV042 router",97
78.176.81.116,78.176.81.116.dynamic.ttnet.com.tr,"Linksys RV042 router",97
78.176.82.137,78.176.82.137.dynamic.ttnet.com.tr,"Linksys RV042 router",97
78.176.82.187,78.176.82.187.dynamic.ttnet.com.tr,"Linksys RV042 router",97
78.176.84.65,78.176.84.65.dynamic.ttnet.com.tr,"Linux 2.6.14 - 2.6.30",97
78.176.88.131,78.176.88.131.dynamic.ttnet.com.tr,"Linksys RV042 router",96
78.176.90.176,78.176.90.176.dynamic.ttnet.com.tr,"Redback Networks SmartEdge 600 router (SmartEdge OS)",91
78.176.92.244,78.176.92.244.dynamic.ttnet.com.tr,"Linksys RV042 router",97
78.176.96.81,78.176.96.81.dynamic.ttnet.com.tr,"Linksys RV042 router",97
78.176.99.39,78.176.99.39.dynamic.ttnet.com.tr,"Belkin F6D4630-4 v1 WAP",99
78.176.100.3,78.176.100.3.dynamic.ttnet.com.tr,"Linksys RV042 router",97
78.176.101.174,78.176.101.174.dynamic.ttnet.com.tr,"Linksys RV042 router",97
78.176.104.152,78.176.104.152.dynamic.ttnet.com.tr,"Linksys RV042 router",97
78.176.106.64,78.176.106.64.dynamic.ttnet.com.tr,"Linksys RV042 router",97
78.176.106.87,78.176.106.87.dynamic.ttnet.com.tr,"Linksys RV042 router",97
78.176.106.107,78.176.106.107.dynamic.ttnet.com.tr,"Linux 2.6.14 - 2.6.30",97
78.176.107.138,78.176.107.138.dynamic.ttnet.com.tr,"Linksys RV042 router",97
78.176.110.134,78.176.110.134.dynamic.ttnet.com.tr,"Linksys RV042 router",96
78.176.112.209,78.176.112.209.dynamic.ttnet.com.tr,"Linksys RV042 router",97
78.176.113.145,78.176.113.145.dynamic.ttnet.com.tr,"Linksys RV042 router",97
78.176.114.13,78.176.114.13.dynamic.ttnet.com.tr,"Linksys RV042 router",97
78.176.114.45,78.176.114.45.dynamic.ttnet.com.tr,"Linksys RV042 router",97
78.176.114.135,78.176.114.135.dynamic.ttnet.com.tr,"Linksys RV042 router",96
78.176.114.218,78.176.114.218.dynamic.ttnet.com.tr,"Linksys RV042 router",97
78.176.114.251,78.176.114.251.dynamic.ttnet.com.tr,"Linksys WRV54G WAP",97
78.176.115.99,78.176.115.99.dynamic.ttnet.com.tr,"Linksys RV042 router",97
78.176.119.92,78.176.119.92.dynamic.ttnet.com.tr,"Linksys RV042 router",97
78.176.120.140,78.176.120.140.dynamic.ttnet.com.tr,"Linux 2.6.14 - 2.6.30",97
78.176.120.143,78.176.120.143.dynamic.ttnet.com.tr,"Linksys RV042 router",97
78.176.120.190,78.176.120.190.dynamic.ttnet.com.tr,"Linksys WRV54G WAP",97
78.176.121.65,78.176.121.65.dynamic.ttnet.com.tr,"Linksys RV042 router",97
78.176.121.147,78.176.121.147.dynamic.ttnet.com.tr,"Linksys RV042 router",97
78.176.122.133,78.176.122.133.dynamic.ttnet.com.tr,"Linksys RV042 router",97
78.176.123.199,78.176.123.199.dynamic.ttnet.com.tr,"ADSL router: Huawei MT800u-T; or ZyXEL Prestige 623ME-T1, 643, 662HW-61, 782, or 2602R-61",96
78.176.129.12,78.176.129.12.dynamic.ttnet.com.tr,"Linksys RV042 router",97
78.176.129.84,78.176.129.84.dynamic.ttnet.com.tr,"Linksys RV042 router",97
78.176.130.200,78.176.130.200.dynamic.ttnet.com.tr,"Linksys RV042 router",97
78.176.132.168,78.176.132.168.dynamic.ttnet.com.tr,"Linksys RV042 router",97
78.176.137.142,78.176.137.142.dynamic.ttnet.com.tr,"Linksys RV042 router",96
78.176.138.111,78.176.138.111.dynamic.ttnet.com.tr,"Linksys RV042 router",97
78.176.142.158,78.176.142.158.dynamic.ttnet.com.tr,"Linksys RV042 router",97
78.176.146.61,78.176.146.61.dynamic.ttnet.com.tr,"Linksys RV042 router",97
78.176.152.14,78.176.152.14.dynamic.ttnet.com.tr,"Linksys RV042 router",97
78.176.154.12,78.176.154.12.dynamic.ttnet.com.tr,"Linksys RV042 router",97
78.176.155.98,78.176.155.98.dynamic.ttnet.com.tr,"Linksys RV042 router",97
78.176.156.9,78.176.156.9.dynamic.ttnet.com.tr,"Linksys RV042 router",97
78.176.161.133,78.176.161.133.dynamic.ttnet.com.tr,"Linux 2.6.14 - 2.6.30",97
78.176.165.179,78.176.165.179.dynamic.ttnet.com.tr,"Linksys RV042 router",97
78.176.168.104,78.176.168.104.dynamic.ttnet.com.tr,"ZyXEL Prestige 660R ADSL router",96
78.176.172.194,78.176.172.194.dynamic.ttnet.com.tr,"Linksys RV042 router",97
78.176.173.28,78.176.173.28.dynamic.ttnet.com.tr,"Linksys RV042 router",97
78.176.173.223,78.176.173.223.dynamic.ttnet.com.tr,"Avaya G700 Telephony Media Gateway or Sun Advanced Lights Out Maganer 1.5.2 (VxWorks)",97
78.176.173.239,78.176.173.239.dynamic.ttnet.com.tr,"Linksys RV042 router",97
78.176.176.231,78.176.176.231.dynamic.ttnet.com.tr,"Linksys RV042 router",97
78.176.178.105,78.176.178.105.dynamic.ttnet.com.tr,"Linksys RV042 router",88
78.176.179.87,78.176.179.87.dynamic.ttnet.com.tr,"Linksys RV042 router",97
78.176.180.41,78.176.180.41.dynamic.ttnet.com.tr,"Linksys RV042 router",97
78.176.184.171,78.176.184.171.dynamic.ttnet.com.tr,"Linksys RV042 router",97
78.176.185.11,78.176.185.11.dynamic.ttnet.com.tr,"Linksys RV042 router",97
78.176.186.38,78.176.186.38.dynamic.ttnet.com.tr,"Linksys RV042 router",97
78.176.187.169,78.176.187.169.dynamic.ttnet.com.tr,"Avaya G700 Telephony Media Gateway or Sun Advanced Lights Out Maganer 1.5.2 (VxWorks)",97
78.176.188.120,78.176.188.120.dynamic.ttnet.com.tr,"Linksys RV042 router",97
78.176.188.231,78.176.188.231.dynamic.ttnet.com.tr,"Linksys RV042 router",97
78.176.189.10,78.176.189.10.dynamic.ttnet.com.tr,"Linksys RV042 router",97
78.176.190.188,78.176.190.188.dynamic.ttnet.com.tr,"Linksys RV042 router",97
78.176.190.254,78.176.190.254.dynamic.ttnet.com.tr,"Linksys RV042 router",97
78.176.201.221,78.176.201.221.dynamic.ttnet.com.tr,"Linksys RV042 router",97
78.176.202.131,78.176.202.131.dynamic.ttnet.com.tr,"Linksys RV042 router",97
78.176.210.201,78.176.210.201.dynamic.ttnet.com.tr,"Linksys RV042 router",97
78.176.222.89,78.176.222.89.dynamic.ttnet.com.tr,"Linksys RV042 router",96
78.176.226.36,78.176.226.36.dynamic.ttnet.com.tr,"Linksys RV042 router",97
78.176.229.252,78.176.229.252.dynamic.ttnet.com.tr,"Linksys RV042 router",97
78.176.232.251,78.176.232.251.dynamic.ttnet.com.tr,"Linksys RV042 router",97
78.176.240.31,78.176.240.31.dynamic.ttnet.com.tr,"Linksys RV042 router",97
78.176.245.8,78.176.245.8.dynamic.ttnet.com.tr,"Linksys RV042 router",97
78.176.245.217,78.176.245.217.dynamic.ttnet.com.tr,"Linksys RV042 router",97
78.176.246.16,78.176.246.16.dynamic.ttnet.com.tr,"Linksys WRV54G WAP",97
78.176.253.133,78.176.253.133.dynamic.ttnet.com.tr,"Linksys RV042 router",97
78.177.0.155,78.177.0.155.dynamic.ttnet.com.tr,"Linksys RV042 router",97
78.177.0.208,78.177.0.208.dynamic.ttnet.com.tr,"Linksys RV042 router",97
78.177.2.34,78.177.2.34.dynamic.ttnet.com.tr,"Linksys RV042 router",97
78.177.4.20,78.177.4.20.dynamic.ttnet.com.tr,"Linksys RV042 router",97
78.177.4.72,78.177.4.72.dynamic.ttnet.com.tr,"Linksys RV042 router",97
78.177.4.222,78.177.4.222.dynamic.ttnet.com.tr,"Linksys RV042 router",97
78.177.5.36,78.177.5.36.dynamic.ttnet.com.tr,"Pingtel Xpressa VoIP phone",96
78.177.6.160,78.177.6.160.dynamic.ttnet.com.tr,"Linksys RV042 router",97
78.177.6.167,78.177.6.167.dynamic.ttnet.com.tr,"ADSL router: Huawei MT800u-T; or ZyXEL Prestige 623ME-T1, 643, 662HW-61, 782, or 2602R-61",94
78.177.6.176,78.177.6.176.dynamic.ttnet.com.tr,"Linksys RV042 router",97
78.177.7.102,78.177.7.102.dynamic.ttnet.com.tr,"Linksys RV042 router",97
78.177.8.228,78.177.8.228.dynamic.ttnet.com.tr,"Linksys RV042 router",97
78.177.10.106,78.177.10.106.dynamic.ttnet.com.tr,"Linksys RV042 router",97
78.177.11.162,78.177.11.162.dynamic.ttnet.com.tr,"Linksys RV042 router",97
78.177.13.82,78.177.13.82.dynamic.ttnet.com.tr,"Linksys RV042 router",96
78.177.13.219,78.177.13.219.dynamic.ttnet.com.tr,"Linksys RV042 router",97
78.177.14.172,78.177.14.172.dynamic.ttnet.com.tr,"Linksys RV042 router",97
78.177.14.193,78.177.14.193.dynamic.ttnet.com.tr,"Linksys RV042 router",97
78.177.15.191,78.177.15.191.dynamic.ttnet.com.tr,"DD-WRT v24-sp2 (Linux 2.4.36)",96
78.177.18.34,78.177.18.34.dynamic.ttnet.com.tr,"Linksys RV042 router",97
78.177.18.240,78.177.18.240.dynamic.ttnet.com.tr,"Linksys RV042 router",96
78.177.19.53,78.177.19.53.dynamic.ttnet.com.tr,"Linksys RV042 router",97
78.177.20.3,78.177.20.3.dynamic.ttnet.com.tr,"Linksys RV042 router",97
78.177.22.230,78.177.22.230.dynamic.ttnet.com.tr,"Linksys RV042 router",97
78.177.25.26,78.177.25.26.dynamic.ttnet.com.tr,"Linksys RV042 router",97
78.177.26.190,78.177.26.190.dynamic.ttnet.com.tr,"Linksys RV042 router",97
78.177.28.88,78.177.28.88.dynamic.ttnet.com.tr,"Linksys RV042 router",97
78.177.32.19,78.177.32.19.dynamic.ttnet.com.tr,"Linksys RV042 router",97
78.177.36.24,78.177.36.24.dynamic.ttnet.com.tr,"Linksys RV042 router",97
78.177.36.190,78.177.36.190.dynamic.ttnet.com.tr,"Linksys RV042 router",97
78.177.38.130,78.177.38.130.dynamic.ttnet.com.tr,"Linksys RV042 router",97
78.177.40.206,78.177.40.206.dynamic.ttnet.com.tr,"Linksys RV042 router",97
78.177.43.134,78.177.43.134.dynamic.ttnet.com.tr,"Linksys RV042 router",97
78.177.44.109,78.177.44.109.dynamic.ttnet.com.tr,"Linksys RV042 router",97
78.177.46.163,78.177.46.163.dynamic.ttnet.com.tr,"Linksys RV042 router",97
78.177.51.30,78.177.51.30.dynamic.ttnet.com.tr,"Linksys RV042 router",97
78.177.51.247,78.177.51.247.dynamic.ttnet.com.tr,"Linksys WRV54G WAP",97
78.177.58.157,78.177.58.157.dynamic.ttnet.com.tr,"Linksys RV042 router",97
78.177.64.244,78.177.64.244.dynamic.ttnet.com.tr,"Linksys RV042 router",97
78.177.65.10,78.177.65.10.dynamic.ttnet.com.tr,"Linksys RV042 router",97
78.177.67.177,78.177.67.177.dynamic.ttnet.com.tr,"Linksys RV042 router",97
78.177.69.249,78.177.69.249.dynamic.ttnet.com.tr,"Linksys RV042 router",97
78.177.70.66,78.177.70.66.dynamic.ttnet.com.tr,"Linksys RV042 router",97
78.177.74.88,78.177.74.88.dynamic.ttnet.com.tr,"Linksys RV042 router",97
78.177.84.146,78.177.84.146.dynamic.ttnet.com.tr,"Linksys RV042 router",97
78.177.89.14,78.177.89.14.dynamic.ttnet.com.tr,"Linksys RV042 router",97
78.177.91.47,78.177.91.47.dynamic.ttnet.com.tr,"Linksys RV042 router",96
78.177.95.153,78.177.95.153.dynamic.ttnet.com.tr,"Linksys RV042 router",97
78.177.97.33,78.177.97.33.dynamic.ttnet.com.tr,"Linksys RV042 router",97
78.177.100.1,78.177.100.1.dynamic.ttnet.com.tr,"Linksys RV042 router",97
78.177.107.182,78.177.107.182.dynamic.ttnet.com.tr,"Linksys RV042 router",97
78.177.112.68,78.177.112.68.dynamic.ttnet.com.tr,"Linksys RV042 router",97
78.177.116.252,78.177.116.252.dynamic.ttnet.com.tr,"Linksys RV042 router",97
78.177.117.204,78.177.117.204.dynamic.ttnet.com.tr,"Linksys RV042 router",97
78.177.118.9,78.177.118.9.dynamic.ttnet.com.tr,"Linksys RV042 router",97
78.177.118.255,78.177.118.255.dynamic.ttnet.com.tr,"Linksys RV042 router",97
78.177.119.217,78.177.119.217.dynamic.ttnet.com.tr,"Linksys RV042 router",97
78.177.120.217,78.177.120.217.dynamic.ttnet.com.tr,"Linksys RV042 router",97
78.177.122.137,78.177.122.137.dynamic.ttnet.com.tr,"Linksys RV042 router",97
78.177.127.154,78.177.127.154.dynamic.ttnet.com.tr,"Linksys RV042 router",97
78.177.130.76,78.177.130.76.dynamic.ttnet.com.tr,"Linksys RV042 router",97
78.177.130.235,78.177.130.235.dynamic.ttnet.com.tr,"Linksys RV042 router",97
78.177.131.91,78.177.131.91.dynamic.ttnet.com.tr,"Linksys RV042 router",96
78.177.131.204,78.177.131.204.dynamic.ttnet.com.tr,"Linksys RV042 router",97
78.177.131.246,78.177.131.246.dynamic.ttnet.com.tr,"Linksys RV042 router",97
78.177.132.188,78.177.132.188.dynamic.ttnet.com.tr,"Linksys RV042 router",97
78.177.133.115,78.177.133.115.dynamic.ttnet.com.tr,"Linksys RV042 router",97
78.177.136.131,78.177.136.131.dynamic.ttnet.com.tr,"Linksys RV042 router",97
78.177.136.149,78.177.136.149.dynamic.ttnet.com.tr,"Linksys RV042 router",97
78.177.137.103,78.177.137.103.dynamic.ttnet.com.tr,"Linksys RV042 router",97
78.177.139.4,78.177.139.4.dynamic.ttnet.com.tr,"Linksys RV042 router",97
78.177.139.15,78.177.139.15.dynamic.ttnet.com.tr,"OpenWrt (Linux 2.4.32)",94
78.177.140.92,78.177.140.92.dynamic.ttnet.com.tr,"Linksys RV042 router",97
78.177.141.181,78.177.141.181.dynamic.ttnet.com.tr,"Linksys RV042 router",97
78.177.143.179,78.177.143.179.dynamic.ttnet.com.tr,"ZyXEL Prestige 660R ADSL router",99
78.177.147.130,78.177.147.130.dynamic.ttnet.com.tr,"Linksys RV042 router",97
78.177.147.177,78.177.147.177.dynamic.ttnet.com.tr,"Linksys RV042 router",97
78.177.148.54,78.177.148.54.dynamic.ttnet.com.tr,"Linksys RV042 router",96
78.177.161.212,78.177.161.212.dynamic.ttnet.com.tr,"Linksys RV042 router",97
78.177.167.88,78.177.167.88.dynamic.ttnet.com.tr,"Linksys RV042 router",97
78.177.172.209,78.177.172.209.dynamic.ttnet.com.tr,"Linksys RV042 router",97
78.177.173.154,78.177.173.154.dynamic.ttnet.com.tr,"Linksys RV042 router",96
78.177.175.233,78.177.175.233.dynamic.ttnet.com.tr,"Linksys RV042 router",97
78.177.178.74,78.177.178.74.dynamic.ttnet.com.tr,"Linksys RV042 router",97
78.177.189.9,78.177.189.9.dynamic.ttnet.com.tr,"Linksys RV042 router",97
78.177.189.126,78.177.189.126.dynamic.ttnet.com.tr,"Linksys RV042 router",97
78.177.195.238,78.177.195.238.dynamic.ttnet.com.tr,"Linksys RV042 router",97
78.177.196.223,78.177.196.223.dynamic.ttnet.com.tr,"Linksys RV042 router",97
78.177.197.243,78.177.197.243.dynamic.ttnet.com.tr,"Linksys RV042 router",97
78.177.198.18,78.177.198.18.dynamic.ttnet.com.tr,"Linksys RV042 router",97
78.177.198.120,78.177.198.120.dynamic.ttnet.com.tr,"Linksys RV042 router",97
78.177.198.213,78.177.198.213.dynamic.ttnet.com.tr,"Linksys RV042 router",97
78.177.199.94,78.177.199.94.dynamic.ttnet.com.tr,"Linksys RV042 router",97
78.177.199.103,78.177.199.103.dynamic.ttnet.com.tr,"Linksys WRV54G WAP",97
78.177.208.47,78.177.208.47.dynamic.ttnet.com.tr,"Linksys RV042 router",97
78.177.208.159,78.177.208.159.dynamic.ttnet.com.tr,"Linksys RV042 router",97
78.177.210.164,78.177.210.164.dynamic.ttnet.com.tr,"Linksys RV042 router",97
78.177.211.44,78.177.211.44.dynamic.ttnet.com.tr,"Linksys RV042 router",97
78.177.211.239,78.177.211.239.dynamic.ttnet.com.tr,"Linksys RV042 router",97
78.177.217.8,78.177.217.8.dynamic.ttnet.com.tr,"Linksys RV042 router",97
78.177.225.22,78.177.225.22.dynamic.ttnet.com.tr,"AVM FRITZ!Box FON WLAN 7170 WAP (Linux 2.6.13)",88
78.177.225.142,78.177.225.142.dynamic.ttnet.com.tr,"Linksys RV042 router",97
78.177.228.226,78.177.228.226.dynamic.ttnet.com.tr,"Linksys RV042 router",97
78.177.231.24,78.177.231.24.dynamic.ttnet.com.tr,"Linksys RV042 router",97
78.177.231.201,78.177.231.201.dynamic.ttnet.com.tr,"Linksys RV042 router",96
78.177.235.128,78.177.235.128.dynamic.ttnet.com.tr,"Linksys RV042 router",97
78.177.238.14,78.177.238.14.dynamic.ttnet.com.tr,"Linksys RV042 router",97
78.177.238.64,78.177.238.64.dynamic.ttnet.com.tr,"Linksys RV042 router",97
78.177.238.71,78.177.238.71.dynamic.ttnet.com.tr,"Linksys RV042 router",97
78.177.242.159,78.177.242.159.dynamic.ttnet.com.tr,"Linksys RV042 router",97
78.177.243.60,78.177.243.60.dynamic.ttnet.com.tr,"Linksys RV042 router",97
78.177.243.247,78.177.243.247.dynamic.ttnet.com.tr,"Linksys RV042 router",97
78.177.245.184,78.177.245.184.dynamic.ttnet.com.tr,"Linksys RV042 router",97
78.177.250.67,78.177.250.67.dynamic.ttnet.com.tr,"Linksys RV042 router",97
78.177.250.209,78.177.250.209.dynamic.ttnet.com.tr,"Linksys RV042 router",97
78.177.251.185,78.177.251.185.dynamic.ttnet.com.tr,"Linksys RV042 router",97
78.177.252.14,78.177.252.14.dynamic.ttnet.com.tr,"Linux 2.6.14 - 2.6.30",97
78.177.255.74,78.177.255.74.dynamic.ttnet.com.tr,"Linksys RV042 router",97
78.177.255.234,78.177.255.234.dynamic.ttnet.com.tr,"Linux 2.6.14 - 2.6.30",97
78.178.0.81,78.178.0.81.dynamic.ttnet.com.tr,"Linksys RV042 router",97
78.178.2.248,78.178.2.248.dynamic.ttnet.com.tr,"Linksys RV042 router",97
78.178.5.30,78.178.5.30.dynamic.ttnet.com.tr,"Linksys RV042 router",97
78.178.14.118,78.178.14.118.dynamic.ttnet.com.tr,"ADSL router: Huawei MT800u-T; or ZyXEL Prestige 623ME-T1, 643, 662HW-61, 782, or 2602R-61",96
78.178.14.165,78.178.14.165.dynamic.ttnet.com.tr,"Linksys RV042 router",96
78.178.14.254,78.178.14.254.dynamic.ttnet.com.tr,"Linksys RV042 router",97
78.178.16.176,78.178.16.176.dynamic.ttnet.com.tr,"ZyXEL Prestige 660R ADSL router",97
78.178.17.82,78.178.17.82.dynamic.ttnet.com.tr,"Linksys RV042 router",97
78.178.17.152,78.178.17.152.dynamic.ttnet.com.tr,"Linksys RV042 router",97
78.178.18.91,78.178.18.91.dynamic.ttnet.com.tr,"Linksys RV042 router",97
78.178.19.16,78.178.19.16.dynamic.ttnet.com.tr,"Linksys RV042 router",97
78.178.19.199,78.178.19.199.dynamic.ttnet.com.tr,"Avaya G700 Telephony Media Gateway or Sun Advanced Lights Out Maganer 1.5.2 (VxWorks)",97
78.178.19.210,78.178.19.210.dynamic.ttnet.com.tr,"Linksys RV042 router",97
78.178.19.236,78.178.19.236.dynamic.ttnet.com.tr,"Linksys RV042 router",97
78.178.19.246,78.178.19.246.dynamic.ttnet.com.tr,"Belkin F6D4630-4 v1 WAP",99
78.178.20.49,78.178.20.49.dynamic.ttnet.com.tr,"ADSL router: Huawei MT800u-T; or ZyXEL Prestige 623ME-T1, 643, 662HW-61, 782, or 2602R-61",98
78.178.28.48,78.178.28.48.dynamic.ttnet.com.tr,"Linksys RV042 router",97
78.178.28.83,78.178.28.83.dynamic.ttnet.com.tr,"Linksys RV042 router",97
78.178.29.21,78.178.29.21.dynamic.ttnet.com.tr,"Linksys RV042 router",97
78.178.30.71,78.178.30.71.dynamic.ttnet.com.tr,"3Com NBX 100 VoIP adapter (VxWorks)",96
78.178.31.23,78.178.31.23.dynamic.ttnet.com.tr,"Linksys RV042 router",97
78.178.33.172,78.178.33.172.dynamic.ttnet.com.tr,"Linksys RV042 router",97
78.178.33.242,78.178.33.242.dynamic.ttnet.com.tr,"Linksys RV042 router",97
78.178.37.21,78.178.37.21.dynamic.ttnet.com.tr,"Linux 2.6.14 - 2.6.30",97
78.178.38.51,78.178.38.51.dynamic.ttnet.com.tr,"Linksys RV042 router",97
78.178.43.232,78.178.43.232.dynamic.ttnet.com.tr,"ADSL router: Huawei MT800u-T; or ZyXEL Prestige 623ME-T1, 643, 662HW-61, 782, or 2602R-61",98
78.178.45.193,78.178.45.193.dynamic.ttnet.com.tr,"Linksys RV042 router",97
78.178.47.83,78.178.47.83.dynamic.ttnet.com.tr,"Linksys RV042 router",97
78.178.47.107,78.178.47.107.dynamic.ttnet.com.tr,"Linksys RV042 router",97
78.178.47.197,78.178.47.197.dynamic.ttnet.com.tr,"Linksys RV042 router",97
78.178.49.143,78.178.49.143.dynamic.ttnet.com.tr,"Linksys RV042 router",97
78.178.50.154,78.178.50.154.dynamic.ttnet.com.tr,"Linksys RV042 router",97
78.178.59.25,78.178.59.25.dynamic.ttnet.com.tr,"Linksys RV042 router",97
78.178.59.137,78.178.59.137.dynamic.ttnet.com.tr,"Linksys RV042 router",97
78.178.59.153,78.178.59.153.dynamic.ttnet.com.tr,"Linksys RV042 router",97
78.178.60.161,78.178.60.161.dynamic.ttnet.com.tr,"Linux 2.6.14 - 2.6.30",97
78.178.60.197,78.178.60.197.dynamic.ttnet.com.tr,"ZyXEL Prestige 2602R-D1A ADSL router",90
78.178.65.32,78.178.65.32.dynamic.ttnet.com.tr,"Linksys RV042 router",97
78.178.65.249,78.178.65.249.dynamic.ttnet.com.tr,"Linksys RV042 router",97
78.178.69.109,78.178.69.109.dynamic.ttnet.com.tr,"Linksys RV042 router",96
78.178.69.222,78.178.69.222.dynamic.ttnet.com.tr,"Linksys RV042 router",97
78.178.70.98,78.178.70.98.dynamic.ttnet.com.tr,"Linksys RV042 router",96
78.178.80.130,78.178.80.130.dynamic.ttnet.com.tr,"Linksys RV042 router",97
78.178.80.232,78.178.80.232.dynamic.ttnet.com.tr,"Linksys RV042 router",97
78.178.83.181,78.178.83.181.dynamic.ttnet.com.tr,"Linksys RV042 router",97
78.178.93.27,78.178.93.27.dynamic.ttnet.com.tr,"Linksys RV042 router",97
78.178.96.222,78.178.96.222.dynamic.ttnet.com.tr,"Linksys RV042 router",97
78.178.97.193,78.178.97.193.dynamic.ttnet.com.tr,"Linksys RV042 router",97
78.178.101.79,78.178.101.79.dynamic.ttnet.com.tr,"Linksys RV042 router",97
78.178.101.113,78.178.101.113.dynamic.ttnet.com.tr,"Linksys RV042 router",97
78.178.102.201,78.178.102.201.dynamic.ttnet.com.tr,"Linksys WRV54G WAP",97
78.178.104.98,78.178.104.98.dynamic.ttnet.com.tr,"Linksys RV042 router",97
78.178.105.236,78.178.105.236.dynamic.ttnet.com.tr,"Linksys RV042 router",97
78.178.114.48,78.178.114.48.dynamic.ttnet.com.tr,"Linksys RV042 router",97
78.178.114.181,78.178.114.181.dynamic.ttnet.com.tr,"Linksys RV042 router",97
78.178.115.119,78.178.115.119.dynamic.ttnet.com.tr,"Linksys RV042 router",97
78.178.122.52,78.178.122.52.dynamic.ttnet.com.tr,"Linksys RV042 router",97
78.178.122.70,78.178.122.70.dynamic.ttnet.com.tr,"Linksys RV042 router",97
78.178.122.118,78.178.122.118.dynamic.ttnet.com.tr,"Linksys RV042 router",97
78.178.130.53,78.178.130.53.dynamic.ttnet.com.tr,"Linksys RV042 router",97
78.178.136.248,78.178.136.248.dynamic.ttnet.com.tr,"Linksys RV042 router",97
78.178.137.6,78.178.137.6.dynamic.ttnet.com.tr,"Linksys RV042 router",97
78.178.147.83,78.178.147.83.dynamic.ttnet.com.tr,"Linksys RV042 router",97
78.178.148.190,78.178.148.190.dynamic.ttnet.com.tr,"Linksys RV042 router",97
78.178.150.207,78.178.150.207.dynamic.ttnet.com.tr,"Linksys RV042 router",97
78.178.156.32,78.178.156.32.dynamic.ttnet.com.tr,"Linux 2.6.14 - 2.6.30",97
78.178.160.27,78.178.160.27.dynamic.ttnet.com.tr,"Linksys RV042 router",97
78.178.165.187,78.178.165.187.dynamic.ttnet.com.tr,"OpenWrt (Linux 2.4.32)",94
78.178.175.37,78.178.175.37.dynamic.ttnet.com.tr,"Linksys RV042 router",97
78.178.176.169,78.178.176.169.dynamic.ttnet.com.tr,"Linksys RV042 router",97
78.178.177.49,78.178.177.49.dynamic.ttnet.com.tr,"Linksys RV042 router",97
78.178.185.34,78.178.185.34.dynamic.ttnet.com.tr,"Linksys RV042 router",97
78.178.186.78,78.178.186.78.dynamic.ttnet.com.tr,"Linksys RV042 router",97
78.178.190.185,78.178.190.185.dynamic.ttnet.com.tr,"Linksys RV042 router",97
78.178.191.145,78.178.191.145.dynamic.ttnet.com.tr,"Linksys RV042 router",96
78.178.199.104,78.178.199.104.dynamic.ttnet.com.tr,"Linksys RV042 router",96
78.178.202.0,78.178.202.0.dynamic.ttnet.com.tr,"Linksys RV042 router",97
78.178.202.120,78.178.202.120.dynamic.ttnet.com.tr,"Linksys RV042 router",97
78.178.202.130,78.178.202.130.dynamic.ttnet.com.tr,"Linksys RV042 router",96
78.178.203.228,78.178.203.228.dynamic.ttnet.com.tr,"Linksys RV042 router",97
78.178.207.200,78.178.207.200.dynamic.ttnet.com.tr,"Linksys RV042 router",97
78.178.208.130,78.178.208.130.dynamic.ttnet.com.tr,"Linksys RV042 router",97
78.178.211.216,78.178.211.216.dynamic.ttnet.com.tr,"Linksys RV042 router",97
78.178.213.221,78.178.213.221.dynamic.ttnet.com.tr,"Linksys RV042 router",97
78.178.215.148,78.178.215.148.dynamic.ttnet.com.tr,"Linksys RV042 router",97
78.178.216.112,78.178.216.112.dynamic.ttnet.com.tr,"Linksys RV042 router",97
78.178.220.214,78.178.220.214.dynamic.ttnet.com.tr,"Linksys RV042 router",97
78.178.221.21,78.178.221.21.dynamic.ttnet.com.tr,"Linksys RV042 router",97
78.178.223.3,78.178.223.3.dynamic.ttnet.com.tr,"Linksys RV042 router",97
78.178.224.120,78.178.224.120.dynamic.ttnet.com.tr,"ADSL router: Huawei MT800u-T; or ZyXEL Prestige 623ME-T1, 643, 662HW-61, 782, or 2602R-61",96
78.178.225.194,78.178.225.194.dynamic.ttnet.com.tr,"Linksys RV042 router",97
78.178.226.85,78.178.226.85.dynamic.ttnet.com.tr,"Linksys RV042 router",97
78.178.227.112,78.178.227.112.dynamic.ttnet.com.tr,"Linksys WRV54G WAP",94
78.178.228.111,78.178.228.111.dynamic.ttnet.com.tr,"Linksys RV042 router",97
78.178.229.75,78.178.229.75.dynamic.ttnet.com.tr,"Linksys RV042 router",97
78.178.232.215,78.178.232.215.dynamic.ttnet.com.tr,"Linksys RV042 router",97
78.178.234.155,78.178.234.155.dynamic.ttnet.com.tr,"Linksys RV042 router",97
78.178.234.170,78.178.234.170.dynamic.ttnet.com.tr,"Linksys RV042 router",97
78.178.237.99,78.178.237.99.dynamic.ttnet.com.tr,"Linksys RV042 router",97
78.178.237.208,78.178.237.208.dynamic.ttnet.com.tr,"Linksys RV042 router",97
78.178.240.76,78.178.240.76.dynamic.ttnet.com.tr,"Linksys RV042 router",97
78.178.240.234,78.178.240.234.dynamic.ttnet.com.tr,"Linksys RV042 router",97
78.178.241.68,78.178.241.68.dynamic.ttnet.com.tr,"Linksys RV042 router",97
78.178.243.3,78.178.243.3.dynamic.ttnet.com.tr,"Linux 2.6.14 - 2.6.30",97
78.178.245.43,78.178.245.43.dynamic.ttnet.com.tr,"Linksys RV042 router",97
78.178.245.239,78.178.245.239.dynamic.ttnet.com.tr,"Linksys RV042 router",97
78.178.247.191,78.178.247.191.dynamic.ttnet.com.tr,"DD-WRT v24-sp2 (Linux 2.4.36)",96
78.178.248.168,78.178.248.168.dynamic.ttnet.com.tr,"Linksys RV042 router",97
78.178.250.221,78.178.250.221.dynamic.ttnet.com.tr,"Linksys RV042 router",97
78.178.252.138,78.178.252.138.dynamic.ttnet.com.tr,"Linksys RV042 router",97
78.178.252.222,78.178.252.222.dynamic.ttnet.com.tr,"Linksys RV042 router",97
78.178.255.105,78.178.255.105.dynamic.ttnet.com.tr,"Linksys RV042 router",97
78.178.255.109,78.178.255.109.dynamic.ttnet.com.tr,"Linksys RV042 router",97
78.179.4.72,78.179.4.72.dynamic.ttnet.com.tr,"ADSL router: Huawei MT800u-T; or ZyXEL Prestige 623ME-T1, 643, 662HW-61, 782, or 2602R-61",96
78.179.10.235,78.179.10.235.dynamic.ttnet.com.tr,"Linksys RV042 router",97
78.179.12.31,78.179.12.31.dynamic.ttnet.com.tr,"Linksys RV042 router",96
78.179.14.151,78.179.14.151.dynamic.ttnet.com.tr,"Linksys RV042 router",97
78.179.20.107,78.179.20.107.dynamic.ttnet.com.tr,"Linksys RV042 router",97
78.179.22.190,78.179.22.190.dynamic.ttnet.com.tr,"Linksys RV042 router",97
78.179.23.23,78.179.23.23.dynamic.ttnet.com.tr,"Linksys RV042 router",97
78.179.30.1,78.179.30.1.dynamic.ttnet.com.tr,"Linksys RV042 router",97
78.179.42.248,78.179.42.248.dynamic.ttnet.com.tr,"Linksys WRV54G WAP",97
78.179.47.30,78.179.47.30.dynamic.ttnet.com.tr,"Linksys RV042 router",97
78.179.55.207,78.179.55.207.dynamic.ttnet.com.tr,"Linksys RV042 router",97
78.179.56.148,78.179.56.148.dynamic.ttnet.com.tr,"Linksys RV042 router",97
78.179.62.93,78.179.62.93.dynamic.ttnet.com.tr,"Linksys RV042 router",97
78.179.64.92,78.179.64.92.dynamic.ttnet.com.tr,"Linksys RV042 router",97
78.179.64.93,78.179.64.93.dynamic.ttnet.com.tr,"Linksys RV042 router",97
78.179.66.32,78.179.66.32.dynamic.ttnet.com.tr,"Linksys RV042 router",97
78.179.66.183,78.179.66.183.dynamic.ttnet.com.tr,"Linksys RV042 router",97
78.179.67.247,78.179.67.247.dynamic.ttnet.com.tr,"Sitecom WL-174 wireless ADSL router or ZyXEL B-3000 WAP",98
78.179.68.93,78.179.68.93.dynamic.ttnet.com.tr,"Linksys RV042 router",97
78.179.69.51,78.179.69.51.dynamic.ttnet.com.tr,"Linksys RV042 router",97
78.179.69.125,78.179.69.125.dynamic.ttnet.com.tr,"Linksys RV042 router",97
78.179.72.8,78.179.72.8.dynamic.ttnet.com.tr,"Linksys RV042 router",97
78.179.72.156,78.179.72.156.dynamic.ttnet.com.tr,"Linksys RV042 router",97
78.179.78.191,78.179.78.191.dynamic.ttnet.com.tr,"Linksys RV042 router",97
78.179.79.132,78.179.79.132.dynamic.ttnet.com.tr,"Linksys RV042 router",97
78.179.80.105,78.179.80.105.dynamic.ttnet.com.tr,"Linksys RV042 router",97
78.179.81.15,78.179.81.15.dynamic.ttnet.com.tr,"Linksys RV042 router",96
78.179.81.142,78.179.81.142.dynamic.ttnet.com.tr,"Linksys RV042 router",97
78.179.84.55,78.179.84.55.dynamic.ttnet.com.tr,"Linksys RV042 router",97
78.179.86.48,78.179.86.48.dynamic.ttnet.com.tr,"Linksys RV042 router",97
78.179.87.90,78.179.87.90.dynamic.ttnet.com.tr,"Linksys RV042 router",97
78.179.87.102,78.179.87.102.dynamic.ttnet.com.tr,"Linksys RV042 router",97
78.179.90.86,78.179.90.86.dynamic.ttnet.com.tr,"ZyXEL Prestige 660R ADSL router",97
78.179.91.30,78.179.91.30.dynamic.ttnet.com.tr,"Linksys RV042 router",97
78.179.92.97,78.179.92.97.dynamic.ttnet.com.tr,"Linksys RV042 router",97
78.179.92.242,78.179.92.242.dynamic.ttnet.com.tr,"Linksys RV042 router",97
78.179.94.200,78.179.94.200.dynamic.ttnet.com.tr,"Linksys RV042 router",97
78.179.95.13,78.179.95.13.dynamic.ttnet.com.tr,"Linksys RV042 router",97
78.179.95.30,78.179.95.30.dynamic.ttnet.com.tr,"Linksys RV042 router",97
78.179.95.202,78.179.95.202.dynamic.ttnet.com.tr,"Linksys RV042 router",97
78.179.97.107,78.179.97.107.dynamic.ttnet.com.tr,"Linux 2.6.14 - 2.6.30",97
78.179.97.216,78.179.97.216.dynamic.ttnet.com.tr,"Linksys RV042 router",96
78.179.98.30,78.179.98.30.dynamic.ttnet.com.tr,"Linksys RV042 router",96
78.179.98.62,78.179.98.62.dynamic.ttnet.com.tr,"Linksys RV042 router",97
78.179.99.89,78.179.99.89.dynamic.ttnet.com.tr,"Linksys RV042 router",97
78.179.99.145,78.179.99.145.dynamic.ttnet.com.tr,"Linksys RV042 router",96
78.179.100.192,78.179.100.192.dynamic.ttnet.com.tr,"Linksys RV042 router",97
78.179.102.161,78.179.102.161.dynamic.ttnet.com.tr,"Linksys RV042 router",97
78.179.102.197,78.179.102.197.dynamic.ttnet.com.tr,"OpenWrt (Linux 2.4.32)",94
78.179.103.48,78.179.103.48.dynamic.ttnet.com.tr,"Linksys RV042 router",97
78.179.104.153,78.179.104.153.dynamic.ttnet.com.tr,"Linksys RV042 router",97
78.179.107.168,78.179.107.168.dynamic.ttnet.com.tr,"Linksys RV042 router",97
78.179.108.27,78.179.108.27.dynamic.ttnet.com.tr,"Linksys RV042 router",97
78.179.109.35,78.179.109.35.dynamic.ttnet.com.tr,"Linksys RV042 router",97
78.179.109.181,78.179.109.181.dynamic.ttnet.com.tr,"Linksys RV042 router",97
78.179.112.122,78.179.112.122.dynamic.ttnet.com.tr,"Linksys RV042 router",97
78.179.113.68,78.179.113.68.dynamic.ttnet.com.tr,"Linksys RV042 router",97
78.179.114.0,78.179.114.0.dynamic.ttnet.com.tr,"Linksys RV042 router",97
78.179.118.26,78.179.118.26.dynamic.ttnet.com.tr,"Linksys RV042 router",97
78.179.118.77,78.179.118.77.dynamic.ttnet.com.tr,"Linksys RV042 router",97
78.179.119.28,78.179.119.28.dynamic.ttnet.com.tr,"ZyXEL Prestige 660R ADSL router",96
78.179.119.49,78.179.119.49.dynamic.ttnet.com.tr,"Linksys RV042 router",97
78.179.120.37,78.179.120.37.dynamic.ttnet.com.tr,"ZyXEL Prestige 600-series ADSL router",95
78.179.120.45,78.179.120.45.dynamic.ttnet.com.tr,"Linksys RV042 router",97
78.179.121.138,78.179.121.138.dynamic.ttnet.com.tr,"Linksys RV042 router",97
78.179.121.236,78.179.121.236.dynamic.ttnet.com.tr,"Linksys RV042 router",97
78.179.122.169,78.179.122.169.dynamic.ttnet.com.tr,"Linksys RV042 router",97
78.179.122.181,78.179.122.181.dynamic.ttnet.com.tr,"Linksys RV042 router",97
78.179.122.226,78.179.122.226.dynamic.ttnet.com.tr,"Linksys RV042 router",97
78.179.123.168,78.179.123.168.dynamic.ttnet.com.tr,"Linksys RV042 router",96
78.179.135.55,78.179.135.55.dynamic.ttnet.com.tr,"Linksys RV042 router",97
78.179.137.193,78.179.137.193.dynamic.ttnet.com.tr,"Avaya G700 Telephony Media Gateway or Sun Advanced Lights Out Maganer 1.5.2 (VxWorks)",97
78.179.146.243,78.179.146.243.dynamic.ttnet.com.tr,"Linksys RV042 router",97
78.179.179.41,78.179.179.41.dynamic.ttnet.com.tr,"Linksys RV042 router",97
78.179.192.172,78.179.192.172.dynamic.ttnet.com.tr,"Linksys RV042 router",97
78.179.195.200,78.179.195.200.dynamic.ttnet.com.tr,"Linksys RV042 router",97
78.179.195.207,78.179.195.207.dynamic.ttnet.com.tr,"Linksys RV042 router",97
78.179.196.34,78.179.196.34.dynamic.ttnet.com.tr,"Linux 2.6.14 - 2.6.30",97
78.179.196.214,78.179.196.214.dynamic.ttnet.com.tr,"Linksys RV042 router",97
78.179.197.112,78.179.197.112.dynamic.ttnet.com.tr,"Linksys RV042 router",97
78.179.198.252,78.179.198.252.dynamic.ttnet.com.tr,"Linksys RV042 router",96
78.179.199.22,78.179.199.22.dynamic.ttnet.com.tr,"Linksys WRV54G WAP",97
78.179.199.142,78.179.199.142.dynamic.ttnet.com.tr,"Linksys RV042 router",97
78.179.200.204,78.179.200.204.dynamic.ttnet.com.tr,"Linksys RV042 router",97
78.179.204.97,78.179.204.97.dynamic.ttnet.com.tr,"Linux 2.6.14 - 2.6.30",97
78.179.205.188,78.179.205.188.dynamic.ttnet.com.tr,"Linksys RV042 router",97
78.179.207.202,78.179.207.202.dynamic.ttnet.com.tr,"Linksys RV042 router",97
78.179.209.160,78.179.209.160.dynamic.ttnet.com.tr,"Linksys WRV54G WAP",97
78.179.209.191,78.179.209.191.dynamic.ttnet.com.tr,"Redback Networks SmartEdge 600 router (SmartEdge OS)",92
78.179.209.250,78.179.209.250.dynamic.ttnet.com.tr,"Linksys RV042 router",97
78.179.210.201,78.179.210.201.dynamic.ttnet.com.tr,"ADSL router: Huawei MT800u-T; or ZyXEL Prestige 623ME-T1, 643, 662HW-61, 782, or 2602R-61",96
78.179.211.53,78.179.211.53.dynamic.ttnet.com.tr,"Linksys RV042 router",96
78.179.211.186,78.179.211.186.dynamic.ttnet.com.tr,"Linux 2.6.14 - 2.6.30",97
78.179.212.36,78.179.212.36.dynamic.ttnet.com.tr,"Linksys RV042 router",96
78.179.212.84,78.179.212.84.dynamic.ttnet.com.tr,"DD-WRT v24-sp1 (Linux 2.4.36)",96
78.179.212.142,78.179.212.142.dynamic.ttnet.com.tr,"Redback Networks SmartEdge 600 router (SmartEdge OS)",92
78.179.213.106,78.179.213.106.dynamic.ttnet.com.tr,"Linksys RV042 router",97
78.179.214.71,78.179.214.71.dynamic.ttnet.com.tr,"Linksys RV042 router",97
78.179.214.146,78.179.214.146.dynamic.ttnet.com.tr,"Linksys RV042 router",97
78.179.215.16,78.179.215.16.dynamic.ttnet.com.tr,"Linksys RV042 router",97
78.179.216.236,78.179.216.236.dynamic.ttnet.com.tr,"Linksys RV042 router",97
78.179.217.90,78.179.217.90.dynamic.ttnet.com.tr,"Avaya G700 Telephony Media Gateway or Sun Advanced Lights Out Maganer 1.5.2 (VxWorks)",97
78.179.217.91,78.179.217.91.dynamic.ttnet.com.tr,"Avaya G700 Telephony Media Gateway or Sun Advanced Lights Out Maganer 1.5.2 (VxWorks)",97
78.179.219.114,78.179.219.114.dynamic.ttnet.com.tr,"Linksys RV042 router",97
78.179.224.30,78.179.224.30.dynamic.ttnet.com.tr,"Linksys RV042 router",97
78.179.226.74,78.179.226.74.dynamic.ttnet.com.tr,"Linksys RV042 router",97
78.179.227.83,78.179.227.83.dynamic.ttnet.com.tr,"Linksys RV042 router",97
78.179.230.6,78.179.230.6.dynamic.ttnet.com.tr,"Linksys RV042 router",97
78.179.230.21,78.179.230.21.dynamic.ttnet.com.tr,"Linksys RV042 router",97
78.179.230.62,78.179.230.62.dynamic.ttnet.com.tr,"Linksys RV042 router",97
78.179.238.175,78.179.238.175.dynamic.ttnet.com.tr,"Linksys RV042 router",97
78.179.241.159,78.179.241.159.dynamic.ttnet.com.tr,"Linksys RV042 router",97
78.179.245.9,78.179.245.9.dynamic.ttnet.com.tr,"Linksys RV042 router",97
78.179.246.112,78.179.246.112.dynamic.ttnet.com.tr,"Avaya G700 Telephony Media Gateway or Sun Advanced Lights Out Maganer 1.5.2 (VxWorks)",97
78.179.248.218,78.179.248.218.dynamic.ttnet.com.tr,"Linksys RV042 router",97
78.179.249.214,78.179.249.214.dynamic.ttnet.com.tr,"Linksys RV042 router",97
78.179.250.224,78.179.250.224.dynamic.ttnet.com.tr,"Linksys RV042 router",97
78.179.251.249,78.179.251.249.dynamic.ttnet.com.tr,"Linksys RV042 router",97
78.179.252.64,78.179.252.64.dynamic.ttnet.com.tr,"Linksys RV042 router",97
78.179.252.176,78.179.252.176.dynamic.ttnet.com.tr,"Linksys RV042 router",97
78.179.253.219,78.179.253.219.dynamic.ttnet.com.tr,"Linksys RV042 router",97
78.180.1.47,78.180.1.47.dynamic.ttnet.com.tr,"Linksys RV042 router",97
78.180.3.154,78.180.3.154.dynamic.ttnet.com.tr,"Linksys RV042 router",97
78.180.4.69,78.180.4.69.dynamic.ttnet.com.tr,"Linksys RV042 router",97
78.180.5.156,78.180.5.156.dynamic.ttnet.com.tr,"Linksys RV042 router",97
78.180.7.159,78.180.7.159.dynamic.ttnet.com.tr,"Linksys RV042 router",97
78.180.11.146,78.180.11.146.dynamic.ttnet.com.tr,"Linksys RV042 router",97
78.180.14.72,78.180.14.72.dynamic.ttnet.com.tr,"Linksys RV042 router",97
78.180.17.229,78.180.17.229.dynamic.ttnet.com.tr,"ZyXEL Prestige 660R ADSL router",96
78.180.18.71,78.180.18.71.dynamic.ttnet.com.tr,"Linksys RV042 router",97
78.180.22.31,78.180.22.31.dynamic.ttnet.com.tr,"Linksys RV042 router",97
78.180.22.171,78.180.22.171.dynamic.ttnet.com.tr,"Linksys RV042 router",97
78.180.23.154,78.180.23.154.dynamic.ttnet.com.tr,"Linksys RV042 router",97
78.180.24.34,78.180.24.34.dynamic.ttnet.com.tr,"Linksys RV042 router",96
78.180.25.195,78.180.25.195.dynamic.ttnet.com.tr,"Linksys RV042 router",97
78.180.26.92,78.180.26.92.dynamic.ttnet.com.tr,"Linksys RV042 router",97
78.180.29.34,78.180.29.34.dynamic.ttnet.com.tr,"Linksys RV042 router",97
78.180.29.121,78.180.29.121.dynamic.ttnet.com.tr,"Linksys RV042 router",97
78.180.29.143,78.180.29.143.dynamic.ttnet.com.tr,"Linksys RV042 router",97
78.180.34.124,78.180.34.124.dynamic.ttnet.com.tr,"Linksys RV042 router",97
78.180.37.145,78.180.37.145.dynamic.ttnet.com.tr,"ADSL router: Huawei MT800u-T; or ZyXEL Prestige 623ME-T1, 643, 662HW-61, 782, or 2602R-61",98
78.180.37.222,78.180.37.222.dynamic.ttnet.com.tr,"Linksys RV042 router",97
78.180.40.13,78.180.40.13.dynamic.ttnet.com.tr,"Linksys RV042 router",97
78.180.40.212,78.180.40.212.dynamic.ttnet.com.tr,"Linksys RV042 router",97
78.180.42.227,78.180.42.227.dynamic.ttnet.com.tr,"Linksys RV042 router",97
78.180.44.24,78.180.44.24.dynamic.ttnet.com.tr,"Linksys WRV54G WAP",97
78.180.44.184,78.180.44.184.dynamic.ttnet.com.tr,"Linksys RV042 router",97
78.180.47.175,78.180.47.175.dynamic.ttnet.com.tr,"Linksys RV042 router",97
78.180.47.222,78.180.47.222.dynamic.ttnet.com.tr,"Linksys RV042 router",97
78.180.49.43,78.180.49.43.dynamic.ttnet.com.tr,"Linksys RV042 router",96
78.180.51.137,78.180.51.137.dynamic.ttnet.com.tr,"Linksys RV042 router",97
78.180.51.181,78.180.51.181.dynamic.ttnet.com.tr,"Linksys RV042 router",97
78.180.52.79,78.180.52.79.dynamic.ttnet.com.tr,"Linksys RV042 router",97
78.180.52.169,78.180.52.169.dynamic.ttnet.com.tr,"Redback Networks SmartEdge 600 router (SmartEdge OS)",91
78.180.52.202,78.180.52.202.dynamic.ttnet.com.tr,"Linksys RV042 router",97
78.180.52.210,78.180.52.210.dynamic.ttnet.com.tr,"Linksys RV042 router",97
78.180.53.210,78.180.53.210.dynamic.ttnet.com.tr,"Linksys RV042 router",97
78.180.56.138,78.180.56.138.dynamic.ttnet.com.tr,"Linksys RV042 router",97
78.180.56.225,78.180.56.225.dynamic.ttnet.com.tr,"Linksys RV042 router",97
78.180.57.31,78.180.57.31.dynamic.ttnet.com.tr,"DD-WRT v24-sp2 (Linux 2.4.36)",96
78.180.60.59,78.180.60.59.dynamic.ttnet.com.tr,"Linksys RV042 router",97
78.180.61.64,78.180.61.64.dynamic.ttnet.com.tr,"Linksys RV042 router",97
78.180.62.163,78.180.62.163.dynamic.ttnet.com.tr,"Linksys RV042 router",97
78.180.63.94,78.180.63.94.dynamic.ttnet.com.tr,"Linksys RV042 router",97
78.180.65.141,78.180.65.141.dynamic.ttnet.com.tr,"ADSL router: Huawei MT800u-T; or ZyXEL Prestige 623ME-T1, 643, 662HW-61, 782, or 2602R-61",96
78.180.66.17,78.180.66.17.dynamic.ttnet.com.tr,"Linksys RV042 router",97
78.180.66.98,78.180.66.98.dynamic.ttnet.com.tr,"Linksys RV042 router",97
78.180.66.196,78.180.66.196.dynamic.ttnet.com.tr,"Linksys WRV54G WAP",96
78.180.71.135,78.180.71.135.dynamic.ttnet.com.tr,"Linksys RV042 router",97
78.180.72.183,78.180.72.183.dynamic.ttnet.com.tr,"Linksys RV042 router",96
78.180.73.73,78.180.73.73.dynamic.ttnet.com.tr,"Linux 2.6.17 - 2.6.30",97
78.180.73.137,78.180.73.137.dynamic.ttnet.com.tr,"Linksys RV042 router",97
78.180.74.201,78.180.74.201.dynamic.ttnet.com.tr,"Linksys RV042 router",97
78.180.75.46,78.180.75.46.dynamic.ttnet.com.tr,"Linksys RV042 router",97
78.180.75.97,78.180.75.97.dynamic.ttnet.com.tr,"Linksys RV042 router",97
78.180.75.172,78.180.75.172.dynamic.ttnet.com.tr,"Linksys RV042 router",97
78.180.78.171,78.180.78.171.dynamic.ttnet.com.tr,"Linksys RV042 router",97
78.180.78.254,78.180.78.254.dynamic.ttnet.com.tr,"Linksys RV042 router",97
78.180.79.84,78.180.79.84.dynamic.ttnet.com.tr,"Linksys RV042 router",97
78.180.79.140,78.180.79.140.dynamic.ttnet.com.tr,"Linksys RV042 router",97
78.180.80.78,78.180.80.78.dynamic.ttnet.com.tr,"Linux 2.6.14 - 2.6.30",97
78.180.81.145,78.180.81.145.dynamic.ttnet.com.tr,"Linksys RV042 router",96
78.180.83.20,78.180.83.20.dynamic.ttnet.com.tr,"Linksys RV042 router",97
78.180.84.116,78.180.84.116.dynamic.ttnet.com.tr,"Linksys RV042 router",97
78.180.86.157,78.180.86.157.dynamic.ttnet.com.tr,"Linksys RV042 router",97
78.180.87.169,78.180.87.169.dynamic.ttnet.com.tr,"Linksys RV042 router",97
78.180.92.42,78.180.92.42.dynamic.ttnet.com.tr,"Redback Networks SmartEdge 600 router (SmartEdge OS)",92
78.180.92.196,78.180.92.196.dynamic.ttnet.com.tr,"Linux 2.6.14 - 2.6.30",97
78.180.96.32,78.180.96.32.dynamic.ttnet.com.tr,"Linksys RV042 router",97
78.180.96.191,78.180.96.191.dynamic.ttnet.com.tr,"DD-WRT v24-sp2 (Linux 2.4.36)",96
78.180.96.223,78.180.96.223.dynamic.ttnet.com.tr,"Linksys RV042 router",97
78.180.98.124,78.180.98.124.dynamic.ttnet.com.tr,"Linksys RV042 router",97
78.180.98.187,78.180.98.187.dynamic.ttnet.com.tr,"Linksys RV042 router",97
78.180.100.221,78.180.100.221.dynamic.ttnet.com.tr,"Linux 2.6.14 - 2.6.30",99
78.180.101.63,78.180.101.63.dynamic.ttnet.com.tr,"Linksys RV042 router",97
78.180.103.62,78.180.103.62.dynamic.ttnet.com.tr,"Linksys RV042 router",97
78.180.106.128,78.180.106.128.dynamic.ttnet.com.tr,"Linksys RV042 router",97
78.180.106.158,78.180.106.158.dynamic.ttnet.com.tr,"DD-WRT v24-sp2 (Linux 2.4.36)",96
78.180.109.56,78.180.109.56.dynamic.ttnet.com.tr,"Linksys RV042 router",97
78.180.111.29,78.180.111.29.dynamic.ttnet.com.tr,"OpenWrt (Linux 2.4.32)",94
78.180.113.162,78.180.113.162.dynamic.ttnet.com.tr,"Linksys RV042 router",97
78.180.114.60,78.180.114.60.dynamic.ttnet.com.tr,"Linksys RV042 router",97
78.180.118.237,78.180.118.237.dynamic.ttnet.com.tr,"Linksys RV042 router",97
78.180.119.165,78.180.119.165.dynamic.ttnet.com.tr,"Linksys RV042 router",97
78.180.120.227,78.180.120.227.dynamic.ttnet.com.tr,"Linksys RV042 router",97
78.180.121.232,78.180.121.232.dynamic.ttnet.com.tr,"Linksys RV042 router",97
78.180.124.116,78.180.124.116.dynamic.ttnet.com.tr,"Linksys RV042 router",97
78.180.125.253,78.180.125.253.dynamic.ttnet.com.tr,"Linksys RV042 router",97
78.180.126.146,78.180.126.146.dynamic.ttnet.com.tr,"Linux 2.6.14 - 2.6.30",97
78.180.128.129,78.180.128.129.dynamic.ttnet.com.tr,"Linksys WRV54G WAP",96
78.180.131.46,78.180.131.46.dynamic.ttnet.com.tr,"Linksys RV042 router",97
78.180.133.2,78.180.133.2.dynamic.ttnet.com.tr,"Linksys RV042 router",97
78.180.134.56,78.180.134.56.dynamic.ttnet.com.tr,"Linksys RV042 router",97
78.180.134.77,78.180.134.77.dynamic.ttnet.com.tr,"Linksys RV042 router",97
78.180.135.230,78.180.135.230.dynamic.ttnet.com.tr,"Linksys RV042 router",97
78.180.135.236,78.180.135.236.dynamic.ttnet.com.tr,"Linksys RV042 router",97
78.180.140.139,78.180.140.139.dynamic.ttnet.com.tr,"Linksys RV042 router",96
78.180.140.234,78.180.140.234.dynamic.ttnet.com.tr,"Microsoft Windows XP SP2 or SP3",93
78.180.140.252,78.180.140.252.dynamic.ttnet.com.tr,"Linksys RV042 router",97
78.180.141.227,78.180.141.227.dynamic.ttnet.com.tr,"Linksys RV042 router",97
78.180.142.47,78.180.142.47.dynamic.ttnet.com.tr,"Linksys RV042 router",97
78.180.142.155,78.180.142.155.dynamic.ttnet.com.tr,"Avaya G700 Telephony Media Gateway or Sun Advanced Lights Out Maganer 1.5.2 (VxWorks)",97
78.180.142.182,78.180.142.182.dynamic.ttnet.com.tr,"Linux 2.6.15 - 2.6.27",97
78.180.143.131,78.180.143.131.dynamic.ttnet.com.tr,"Linksys RV042 router",97
78.180.143.143,78.180.143.143.dynamic.ttnet.com.tr,"Linksys RV042 router",97
78.180.143.192,78.180.143.192.dynamic.ttnet.com.tr,"Linksys RV042 router",97
78.180.150.96,78.180.150.96.static.ttnet.com.tr,"Linux 2.4.33 (embedded)",99
78.180.150.234,78.180.150.234.static.ttnet.com.tr,"D-Link DWL-624+ or DWL-2000AP, or TRENDnet TEW-432BRP WAP",87
78.180.151.97,78.180.151.97.static.ttnet.com.tr,"Linksys RV042 router",97
78.180.161.115,78.180.161.115.dynamic.ttnet.com.tr,"Linksys RV042 router",96
78.180.164.88,78.180.164.88.dynamic.ttnet.com.tr,"Linksys RV042 router",97
78.180.165.226,78.180.165.226.dynamic.ttnet.com.tr,"Linksys RV042 router",97
78.180.165.227,78.180.165.227.dynamic.ttnet.com.tr,"Linksys RV042 router",97
78.180.170.74,78.180.170.74.dynamic.ttnet.com.tr,"Linksys RV042 router",97
78.180.170.146,78.180.170.146.dynamic.ttnet.com.tr,"Linksys RV042 router",97
78.180.171.188,78.180.171.188.dynamic.ttnet.com.tr,"Linksys RV042 router",97
78.180.172.10,78.180.172.10.dynamic.ttnet.com.tr,"Linksys RV042 router",97
78.180.172.224,78.180.172.224.dynamic.ttnet.com.tr,"Linksys WRV54G WAP",97
78.180.173.104,78.180.173.104.dynamic.ttnet.com.tr,"Linksys RV042 router",97
78.180.174.24,78.180.174.24.dynamic.ttnet.com.tr,"OpenWrt (Linux 2.4.32)",94
78.180.174.131,78.180.174.131.dynamic.ttnet.com.tr,"Linksys RV042 router",97
78.180.175.54,78.180.175.54.dynamic.ttnet.com.tr,"Linksys RV042 router",97
78.180.176.40,78.180.176.40.dynamic.ttnet.com.tr,"Linksys RV042 router",97
78.180.176.208,78.180.176.208.dynamic.ttnet.com.tr,"Linksys RV042 router",97
78.180.178.22,78.180.178.22.dynamic.ttnet.com.tr,"Linksys RV042 router",97
78.180.178.40,78.180.178.40.dynamic.ttnet.com.tr,"Linksys RV042 router",97
78.180.178.101,78.180.178.101.dynamic.ttnet.com.tr,"Linksys RV042 router",94
78.180.178.201,78.180.178.201.dynamic.ttnet.com.tr,"Acorp W400G or W422G wireless ADSL modem (MontaVista embedded Linux 2.4.17)",91
78.180.179.239,78.180.179.239.dynamic.ttnet.com.tr,"Avaya G700 Telephony Media Gateway or Sun Advanced Lights Out Maganer 1.5.2 (VxWorks)",94
78.180.192.9,78.180.192.9.dynamic.ttnet.com.tr,"Linksys RV042 router",96
78.180.192.89,78.180.192.89.dynamic.ttnet.com.tr,"Linksys RV042 router",97
78.180.192.167,78.180.192.167.dynamic.ttnet.com.tr,"Linksys RV042 router",97
78.180.194.142,78.180.194.142.dynamic.ttnet.com.tr,"Linksys RV042 router",97
78.180.195.54,78.180.195.54.dynamic.ttnet.com.tr,"Linksys RV042 router",97
78.180.196.128,78.180.196.128.dynamic.ttnet.com.tr,"Linksys RV042 router",97
78.180.198.132,78.180.198.132.dynamic.ttnet.com.tr,"Linksys RV042 router",97
78.180.198.253,78.180.198.253.dynamic.ttnet.com.tr,"Linksys RV042 router",97
78.180.199.80,78.180.199.80.dynamic.ttnet.com.tr,"Linksys RV042 router",97
78.180.199.183,78.180.199.183.dynamic.ttnet.com.tr,"Linksys RV042 router",88
78.180.199.185,78.180.199.185.dynamic.ttnet.com.tr,"OpenWrt (Linux 2.4.32)",94
78.180.199.203,78.180.199.203.dynamic.ttnet.com.tr,"Linksys RV042 router",97
78.180.199.236,78.180.199.236.dynamic.ttnet.com.tr,"Meru MC1000 wireless LAN controller",91
78.180.199.253,78.180.199.253.dynamic.ttnet.com.tr,"Linksys RV042 router",97
78.180.200.2,78.180.200.2.dynamic.ttnet.com.tr,"Linksys RV042 router",97
78.180.200.29,78.180.200.29.dynamic.ttnet.com.tr,"Linksys RV042 router",97
78.180.200.65,78.180.200.65.dynamic.ttnet.com.tr,"Linksys RV042 router",97
78.180.200.80,78.180.200.80.dynamic.ttnet.com.tr,"Avaya G700 Telephony Media Gateway or Sun Advanced Lights Out Maganer 1.5.2 (VxWorks)",97
78.180.201.37,78.180.201.37.dynamic.ttnet.com.tr,"Linksys RV042 router",97
78.180.202.105,78.180.202.105.dynamic.ttnet.com.tr,"ZyXEL Prestige 660R ADSL router",97
78.180.202.162,78.180.202.162.dynamic.ttnet.com.tr,"Linksys RV042 router",97
78.180.203.78,78.180.203.78.dynamic.ttnet.com.tr,"Linksys WRV54G WAP",97
78.180.203.155,78.180.203.155.dynamic.ttnet.com.tr,"Linksys RV042 router",97
78.180.206.80,78.180.206.80.dynamic.ttnet.com.tr,"Linksys RV042 router",97
78.180.207.198,78.180.207.198.dynamic.ttnet.com.tr,"Linksys RV042 router",97
78.180.208.11,78.180.208.11.dynamic.ttnet.com.tr,"Comtrend CT536 wireless ADSL router",96
78.180.208.244,78.180.208.244.dynamic.ttnet.com.tr,"Linksys RV042 router",97
78.180.210.123,78.180.210.123.dynamic.ttnet.com.tr,"ADSL router: Huawei MT800u-T; or ZyXEL Prestige 623ME-T1, 643, 662HW-61, 782, or 2602R-61",96
78.180.211.89,78.180.211.89.dynamic.ttnet.com.tr,"Linux 2.6.14 - 2.6.30",97
78.180.213.95,78.180.213.95.dynamic.ttnet.com.tr,"Linksys RV042 router",97
78.180.216.71,78.180.216.71.dynamic.ttnet.com.tr,"Linksys RV042 router",97
78.180.218.128,78.180.218.128.dynamic.ttnet.com.tr,"Linksys WRV54G WAP",97
78.180.218.163,78.180.218.163.dynamic.ttnet.com.tr,"Linksys RV042 router",97
78.180.219.177,78.180.219.177.dynamic.ttnet.com.tr,"Linksys RV042 router",97
78.180.221.149,78.180.221.149.dynamic.ttnet.com.tr,"Linksys RV042 router",97
78.180.222.17,78.180.222.17.dynamic.ttnet.com.tr,"Linux 2.6.14 - 2.6.30",97
78.180.222.153,78.180.222.153.dynamic.ttnet.com.tr,"Linksys RV042 router",97
78.180.222.253,78.180.222.253.dynamic.ttnet.com.tr,"Linksys RV042 router",97
78.180.223.77,78.180.223.77.dynamic.ttnet.com.tr,"Linksys RV042 router",97
78.180.230.158,78.180.230.158.dynamic.ttnet.com.tr,"Linksys RV042 router",97
78.180.230.178,78.180.230.178.dynamic.ttnet.com.tr,"Linksys RV042 router",97
78.180.232.157,78.180.232.157.dynamic.ttnet.com.tr,"Linksys RV042 router",97
78.180.232.183,78.180.232.183.dynamic.ttnet.com.tr,"Linksys RV042 router",97
78.180.232.230,78.180.232.230.dynamic.ttnet.com.tr,"Linux 2.6.14 - 2.6.30",97
78.180.233.97,78.180.233.97.dynamic.ttnet.com.tr,"Linksys RV042 router",97
78.180.236.85,78.180.236.85.dynamic.ttnet.com.tr,"Linksys RV042 router",97
78.180.238.63,78.180.238.63.dynamic.ttnet.com.tr,"Linksys WRV54G WAP",96
78.180.239.60,78.180.239.60.dynamic.ttnet.com.tr,"Redback Networks SmartEdge 600 router (SmartEdge OS)",91
78.180.240.17,78.180.240.17.dynamic.ttnet.com.tr,"Linksys RV042 router",97
78.180.240.203,78.180.240.203.dynamic.ttnet.com.tr,"Linksys RV042 router",97
78.180.241.138,78.180.241.138.dynamic.ttnet.com.tr,"Linksys RV042 router",96
78.180.241.163,78.180.241.163.dynamic.ttnet.com.tr,"Linksys RV042 router",97
78.180.242.1,78.180.242.1.dynamic.ttnet.com.tr,"Linksys RV042 router",96
78.180.242.67,78.180.242.67.dynamic.ttnet.com.tr,"Redback Networks SmartEdge 600 router (SmartEdge OS)",90
78.180.243.89,78.180.243.89.dynamic.ttnet.com.tr,"Linux 2.6.15 - 2.6.27",97
78.180.245.39,78.180.245.39.dynamic.ttnet.com.tr,"Linksys RV042 router",97
78.180.247.159,78.180.247.159.dynamic.ttnet.com.tr,"Linksys RV042 router",97
78.180.248.68,78.180.248.68.dynamic.ttnet.com.tr,"Linksys RV042 router",97
78.180.248.86,78.180.248.86.dynamic.ttnet.com.tr,"Linksys RV042 router",97
78.180.248.209,78.180.248.209.dynamic.ttnet.com.tr,"Linksys RV042 router",97
78.180.251.97,78.180.251.97.dynamic.ttnet.com.tr,"ZyXEL Prestige 660R ADSL router",99
78.180.251.222,78.180.251.222.dynamic.ttnet.com.tr,"Linksys RV042 router",97
78.180.252.225,78.180.252.225.dynamic.ttnet.com.tr,"Linksys RV042 router",97
78.180.253.3,78.180.253.3.dynamic.ttnet.com.tr,"Linksys RV042 router",97
78.180.253.50,78.180.253.50.dynamic.ttnet.com.tr,"Linksys RV042 router",97
78.180.253.174,78.180.253.174.dynamic.ttnet.com.tr,"Linksys RV042 router",97
78.181.0.184,78.181.0.184.dynamic.ttnet.com.tr,"Linksys RV042 router",97
78.181.2.211,78.181.2.211.dynamic.ttnet.com.tr,"Linksys WRV54G WAP",97
78.181.3.20,78.181.3.20.dynamic.ttnet.com.tr,"Linksys RV042 router",97
78.181.5.29,78.181.5.29.dynamic.ttnet.com.tr,"Linksys RV042 router",96
78.181.6.114,78.181.6.114.dynamic.ttnet.com.tr,"Linksys RV042 router",97
78.181.6.175,78.181.6.175.dynamic.ttnet.com.tr,"Linksys RV042 router",97
78.181.7.207,78.181.7.207.dynamic.ttnet.com.tr,"Linksys RV042 router",97
78.181.8.184,78.181.8.184.dynamic.ttnet.com.tr,"Linksys RV042 router",97
78.181.9.204,78.181.9.204.dynamic.ttnet.com.tr,"Linksys RV042 router",97
78.181.10.36,78.181.10.36.dynamic.ttnet.com.tr,"Linux 2.6.14 - 2.6.30",99
78.181.10.47,78.181.10.47.dynamic.ttnet.com.tr,"Linux 2.6.14 - 2.6.30",97
78.181.13.237,78.181.13.237.dynamic.ttnet.com.tr,"Linksys RV042 router",97
78.181.14.3,78.181.14.3.dynamic.ttnet.com.tr,"Linksys RV042 router",97
78.181.14.43,78.181.14.43.dynamic.ttnet.com.tr,"Linksys RV042 router",97
78.181.14.231,78.181.14.231.dynamic.ttnet.com.tr,"Linksys RV042 router",97
78.181.16.89,78.181.16.89.dynamic.ttnet.com.tr,"Linksys RV042 router",97
78.181.18.96,78.181.18.96.dynamic.ttnet.com.tr,"Linksys RV042 router",97
78.181.20.77,78.181.20.77.dynamic.ttnet.com.tr,"Linksys RV042 router",97
78.181.21.179,78.181.21.179.dynamic.ttnet.com.tr,"Linksys RV042 router",97
78.181.22.57,78.181.22.57.dynamic.ttnet.com.tr,"Linksys RV042 router",97
78.181.24.156,78.181.24.156.dynamic.ttnet.com.tr,"Linksys RV042 router",97
78.181.25.16,78.181.25.16.dynamic.ttnet.com.tr,"Microsoft Windows 2000 SP2 - SP4, Windows XP SP2 - SP3, or Windows Server 2003 SP0 - SP2",95
78.181.25.79,78.181.25.79.dynamic.ttnet.com.tr,"Linksys RV042 router",97
78.181.28.97,78.181.28.97.dynamic.ttnet.com.tr,"Linksys RV042 router",97
78.181.37.115,78.181.37.115.dynamic.ttnet.com.tr,"Linksys RV042 router",97
78.181.37.197,78.181.37.197.dynamic.ttnet.com.tr,"Linksys RV042 router",97
78.181.38.68,78.181.38.68.dynamic.ttnet.com.tr,"Linksys RV042 router",97
78.181.38.71,78.181.38.71.dynamic.ttnet.com.tr,"Linksys RV042 router",97
78.181.40.155,78.181.40.155.dynamic.ttnet.com.tr,"Linksys RV042 router",97
78.181.42.84,78.181.42.84.dynamic.ttnet.com.tr,"Linksys RV042 router",97
78.181.42.168,78.181.42.168.dynamic.ttnet.com.tr,"Linksys RV042 router",97
78.181.42.245,78.181.42.245.dynamic.ttnet.com.tr,"Sony Ericsson U8i Vivaz mobile phone",95
78.181.44.238,78.181.44.238.dynamic.ttnet.com.tr,"Linksys RV042 router",97
78.181.46.134,78.181.46.134.dynamic.ttnet.com.tr,"Linksys WRV54G WAP",96
78.181.48.147,78.181.48.147.dynamic.ttnet.com.tr,"Linux 2.6.14 - 2.6.30",97
78.181.49.48,78.181.49.48.dynamic.ttnet.com.tr,"D-Link DWL-624+ or DWL-2000AP, or TRENDnet TEW-432BRP WAP",91
78.181.49.208,78.181.49.208.dynamic.ttnet.com.tr,"Linksys RV042 router",96
78.181.50.220,78.181.50.220.dynamic.ttnet.com.tr,"Linksys RV042 router",97
78.181.54.249,78.181.54.249.dynamic.ttnet.com.tr,"Linksys RV042 router",97
78.181.56.114,78.181.56.114.dynamic.ttnet.com.tr,"Linksys RV042 router",97
78.181.56.212,78.181.56.212.dynamic.ttnet.com.tr,"Linksys RV042 router",97
78.181.56.236,78.181.56.236.dynamic.ttnet.com.tr,"Linksys RV042 router",97
78.181.57.237,78.181.57.237.dynamic.ttnet.com.tr,"Linksys RV042 router",96
78.181.58.55,78.181.58.55.dynamic.ttnet.com.tr,"Linksys RV042 router",97
78.181.62.18,78.181.62.18.dynamic.ttnet.com.tr,"Linksys RV042 router",97
78.181.62.85,78.181.62.85.dynamic.ttnet.com.tr,"Linksys RV042 router",97
78.181.62.152,78.181.62.152.dynamic.ttnet.com.tr,"Linksys RV042 router",97
78.181.67.240,78.181.67.240.dynamic.ttnet.com.tr,"Linksys RV042 router",97
78.181.75.114,78.181.75.114.dynamic.ttnet.com.tr,"Linksys RV042 router",97
78.181.81.234,78.181.81.234.dynamic.ttnet.com.tr,"Linksys RV042 router",97
78.181.83.80,78.181.83.80.dynamic.ttnet.com.tr,"Linksys RV042 router",97
78.181.86.6,78.181.86.6.dynamic.ttnet.com.tr,"Redback Networks SmartEdge 600 router (SmartEdge OS)",90
78.181.89.126,78.181.89.126.dynamic.ttnet.com.tr,"Linksys RV042 router",97
78.181.90.153,78.181.90.153.dynamic.ttnet.com.tr,"Linksys RV042 router",97
78.181.101.15,78.181.101.15.dynamic.ttnet.com.tr,"Linux 2.6.14 - 2.6.30",97
78.181.101.132,78.181.101.132.dynamic.ttnet.com.tr,"Linux 2.6.22",98
78.181.113.11,78.181.113.11.dynamic.ttnet.com.tr,"Linksys RV042 router",97
78.181.114.41,78.181.114.41.dynamic.ttnet.com.tr,"Linksys RV042 router",97
78.181.115.73,78.181.115.73.dynamic.ttnet.com.tr,"Linksys RV042 router",97
78.181.117.174,78.181.117.174.dynamic.ttnet.com.tr,"Linksys RV042 router",97
78.181.118.253,78.181.118.253.dynamic.ttnet.com.tr,"Linksys RV042 router",97
78.181.119.229,78.181.119.229.dynamic.ttnet.com.tr,"Linksys RV042 router",96
78.181.121.15,78.181.121.15.dynamic.ttnet.com.tr,"Linksys RV042 router",97
78.181.122.141,78.181.122.141.dynamic.ttnet.com.tr,"Linksys RV042 router",97
78.181.122.154,78.181.122.154.dynamic.ttnet.com.tr,"Linksys RV042 router",97
78.181.124.101,78.181.124.101.dynamic.ttnet.com.tr,"Linksys RV042 router",97
78.181.124.116,78.181.124.116.dynamic.ttnet.com.tr,"Linksys RV042 router",97
78.181.126.37,78.181.126.37.dynamic.ttnet.com.tr,"Linksys RV042 router",97
78.181.127.196,78.181.127.196.dynamic.ttnet.com.tr,"Linksys RV042 router",97
78.181.131.134,78.181.131.134.dynamic.ttnet.com.tr,"Linksys RV042 router",97
78.181.137.70,78.181.137.70.dynamic.ttnet.com.tr,"Linksys WRV54G WAP",97
78.181.137.224,78.181.137.224.dynamic.ttnet.com.tr,"Linksys RV042 router",97
78.181.168.56,78.181.168.56.dynamic.ttnet.com.tr,"Linksys RV042 router",97
78.181.168.154,78.181.168.154.dynamic.ttnet.com.tr,"Linksys RV042 router",97
78.181.171.101,78.181.171.101.dynamic.ttnet.com.tr,"Linksys RV042 router",97
78.181.172.59,78.181.172.59.dynamic.ttnet.com.tr,"Linksys RV042 router",97
78.181.173.251,78.181.173.251.dynamic.ttnet.com.tr,"Linksys RV042 router",97
78.181.175.198,78.181.175.198.dynamic.ttnet.com.tr,"Linksys RV042 router",97
78.181.177.122,78.181.177.122.dynamic.ttnet.com.tr,"Linksys RV042 router",97
78.181.177.236,78.181.177.236.dynamic.ttnet.com.tr,"Linksys RV042 router",97
78.181.179.77,78.181.179.77.dynamic.ttnet.com.tr,"Linksys RV042 router",97
78.181.179.144,78.181.179.144.dynamic.ttnet.com.tr,"Linksys RV042 router",97
78.181.179.174,78.181.179.174.dynamic.ttnet.com.tr,"Linksys RV042 router",97
78.181.180.150,78.181.180.150.dynamic.ttnet.com.tr,"Linksys RV042 router",97
78.181.180.214,78.181.180.214.dynamic.ttnet.com.tr,"Linksys RV042 router",97
78.181.181.135,78.181.181.135.dynamic.ttnet.com.tr,"Linksys RV042 router",97
78.181.183.200,78.181.183.200.dynamic.ttnet.com.tr,"Linksys RV042 router",97
78.181.184.10,78.181.184.10.dynamic.ttnet.com.tr,"Linksys RV042 router",97
78.181.191.75,78.181.191.75.dynamic.ttnet.com.tr,"Linksys RV042 router",97
78.181.224.98,78.181.224.98.dynamic.ttnet.com.tr,"Linksys RV042 router",96
78.181.225.0,78.181.225.0.dynamic.ttnet.com.tr,"Linksys RV042 router",97
78.181.228.204,78.181.228.204.dynamic.ttnet.com.tr,"Linksys RV042 router",97
78.181.228.221,78.181.228.221.dynamic.ttnet.com.tr,"Linksys RV042 router",97
78.181.229.100,78.181.229.100.dynamic.ttnet.com.tr,"Linksys RV042 router",97
78.181.229.104,78.181.229.104.dynamic.ttnet.com.tr,"Linksys RV042 router",97
78.181.232.75,78.181.232.75.dynamic.ttnet.com.tr,"Linksys RV042 router",97
78.181.232.233,78.181.232.233.dynamic.ttnet.com.tr,"Linux 2.6.15 - 2.6.27",97
78.181.234.151,78.181.234.151.dynamic.ttnet.com.tr,"Linksys RV042 router",97
78.181.235.200,78.181.235.200.dynamic.ttnet.com.tr,"Linksys RV042 router",97
78.181.237.25,78.181.237.25.dynamic.ttnet.com.tr,"Linksys RV042 router",97
78.181.237.144,78.181.237.144.dynamic.ttnet.com.tr,"Linksys RV042 router",97
78.181.237.167,78.181.237.167.dynamic.ttnet.com.tr,"Linksys RV042 router",97
78.181.239.129,78.181.239.129.dynamic.ttnet.com.tr,"Linksys RV042 router",97
78.181.245.101,78.181.245.101.dynamic.ttnet.com.tr,"Linksys RV042 router",97
78.181.246.74,78.181.246.74.dynamic.ttnet.com.tr,"Linksys RV042 router",97
78.181.246.79,78.181.246.79.dynamic.ttnet.com.tr,"Linksys RV042 router",97
78.181.247.60,78.181.247.60.dynamic.ttnet.com.tr,"Linksys RV042 router",97
78.181.249.169,78.181.249.169.dynamic.ttnet.com.tr,"Avaya G700 Telephony Media Gateway or Sun Advanced Lights Out Maganer 1.5.2 (VxWorks)",97
78.181.250.6,78.181.250.6.dynamic.ttnet.com.tr,"Linksys RV042 router",97
78.181.251.90,78.181.251.90.dynamic.ttnet.com.tr,"Linksys RV042 router",97
78.181.255.165,78.181.255.165.dynamic.ttnet.com.tr,"Linksys RV042 router",97
